#DataThief /Users/ahagen/Desktop/depth_dose_varian.png Monday 16-Feb-2015 1:37:30 PM
0.2276, 120.4497
0.2372, 120.4497
0.2468, 120.4497
0.2469, 120.5168
0.2469, 120.5838
0.2469, 120.651
0.2372, 120.7181
0.2372, 120.7851
0.2373, 120.8521
0.2373, 120.9193
0.2373, 120.9864
0.2373, 121.0535
0.2373, 121.1206
0.2373, 121.1877
0.2373, 121.2547
0.2373, 121.3218
0.2373, 121.3889
0.2373, 121.456
0.2373, 121.5231
0.2374, 121.5901
0.2374, 121.6572
0.2469, 121.7243
0.2469, 121.7913
0.2469, 121.8585
0.2469, 121.9256
0.2469, 121.9927
0.2471, 122.0598
0.2471, 122.1268
0.2471, 122.1939
0.2471, 122.261
0.2471, 122.3281
0.2567, 122.3952
0.2567, 122.4623
0.2568, 122.5293
0.2568, 122.5964
0.2568, 122.6635
0.2568, 122.7306
0.2568, 122.7976
0.2568, 122.8648
0.2568, 122.9319
0.2568, 122.9989
0.2568, 123.066
0.2665, 123.1331
0.2665, 123.2002
0.2665, 123.2673
0.2665, 123.3344
0.2665, 123.4015
0.2665, 123.4685
0.2665, 123.5356
0.2665, 123.6027
0.2665, 123.6698
0.2665, 123.7368
0.2666, 123.804
0.2762, 123.8711
0.2762, 123.9381
0.2762, 124.0052
0.2762, 124.0723
0.2762, 124.1394
0.2762, 124.2065
0.2763, 124.2736
0.2763, 124.3406
0.2763, 124.4077
0.2763, 124.4748
0.2859, 124.5419
0.2859, 124.609
0.2859, 124.6761
0.286, 124.7431
0.286, 124.8102
0.286, 124.8773
0.286, 124.9444
0.286, 125.0115
0.286, 125.0786
0.286, 125.1457
0.286, 125.2128
0.2957, 125.2798
0.2957, 125.3469
0.2957, 125.414
0.2957, 125.4811
0.2957, 125.5482
0.2957, 125.6153
0.2957, 125.6824
0.2957, 125.7494
0.2957, 125.8165
0.3054, 125.8836
0.3054, 125.9506
0.3054, 126.0178
0.3054, 126.0849
0.3054, 126.152
0.3054, 126.219
0.3054, 126.2861
0.3054, 126.3532
0.3054, 126.4203
0.3151, 126.4874
0.3151, 126.5545
0.3151, 126.6216
0.3151, 126.6886
0.3151, 126.7557
0.3151, 126.8228
0.3152, 126.8899
0.3152, 126.9569
0.3152, 127.0241
0.3152, 127.0911
0.3248, 127.1582
0.3248, 127.2253
0.3248, 127.2924
0.3249, 127.3595
0.3249, 127.4266
0.3249, 127.4937
0.3249, 127.5607
0.3249, 127.6278
0.3249, 127.6949
0.3345, 127.762
0.3346, 127.8291
0.3346, 127.8961
0.3346, 127.9633
0.3346, 128.0303
0.3346, 128.0974
0.3346, 128.1645
0.3346, 128.2316
0.3443, 128.2987
0.3443, 128.3658
0.3443, 128.4329
0.3443, 128.4999
0.3443, 128.567
0.3443, 128.6341
0.3443, 128.7012
0.3443, 128.7683
0.354, 128.8354
0.354, 128.9024
0.354, 128.9695
0.354, 129.0366
0.354, 129.1037
0.354, 129.1708
0.354, 129.2379
0.354, 129.305
0.3637, 129.3721
0.3637, 129.4391
0.3637, 129.5062
0.3637, 129.5733
0.3637, 129.6404
0.3637, 129.7075
0.3637, 129.7746
0.3637, 129.8416
0.3734, 129.9087
0.3734, 129.9758
0.3734, 130.0429
0.3734, 130.11
0.3734, 130.1771
0.3734, 130.2442
0.3734, 130.3112
0.3734, 130.3783
0.3831, 130.4454
0.3831, 130.5125
0.3831, 130.5796
0.3831, 130.6467
0.3831, 130.7138
0.3831, 130.7808
0.3831, 130.8479
0.3832, 130.915
0.3832, 130.9821
0.3928, 131.0492
0.3928, 131.1163
0.3928, 131.1834
0.3928, 131.2504
0.3928, 131.3175
0.3929, 131.3846
0.3929, 131.4517
0.4025, 131.5188
0.4025, 131.5859
0.4025, 131.653
0.4025, 131.72
0.4025, 131.7871
0.4026, 131.8542
0.4026, 131.9213
0.4122, 131.9884
0.4122, 132.0555
0.4122, 132.1226
0.4122, 132.1896
0.4122, 132.2567
0.4123, 132.3237
0.4123, 132.3909
0.4219, 132.458
0.4219, 132.5251
0.4219, 132.5922
0.4219, 132.6592
0.4219, 132.7263
0.422, 132.7934
0.422, 132.8605
0.4316, 132.9276
0.4316, 132.9947
0.4316, 133.0618
0.4316, 133.1288
0.4316, 133.1959
0.4317, 133.263
0.4317, 133.3301
0.4413, 133.3972
0.4413, 133.4643
0.4413, 133.5314
0.4413, 133.5984
0.4413, 133.6655
0.4414, 133.7326
0.4414, 133.7997
0.451, 133.8668
0.451, 133.9339
0.451, 134.001
0.451, 134.068
0.451, 134.1351
0.4511, 134.2022
0.4511, 134.2692
0.4511, 134.3364
0.4607, 134.4035
0.4607, 134.4706
0.4607, 134.5375
0.4607, 134.6047
0.4607, 134.6718
0.4607, 134.7389
0.4704, 134.806
0.4704, 134.8731
0.4704, 134.9402
0.4704, 135.0072
0.4704, 135.0743
0.4705, 135.1414
0.4801, 135.2085
0.4801, 135.2756
0.4801, 135.3427
0.4801, 135.4097
0.4801, 135.4768
0.4801, 135.5439
0.4898, 135.611
0.4898, 135.6781
0.4898, 135.7452
0.4898, 135.8123
0.4898, 135.8793
0.4898, 135.9464
0.4995, 136.0135
0.4995, 136.0806
0.4995, 136.1477
0.4995, 136.2147
0.4995, 136.2819
0.4995, 136.3489
0.5091, 136.416
0.5091, 136.483
0.5091, 136.5502
0.5091, 136.6173
0.5091, 136.6844
0.5091, 136.7515
0.5091, 136.8185
0.5189, 136.8856
0.5189, 136.9527
0.5189, 137.0198
0.5189, 137.0869
0.5189, 137.154
0.5189, 137.2211
0.5286, 137.2882
0.5286, 137.3552
0.5286, 137.4223
0.5286, 137.4894
0.5286, 137.5565
0.5286, 137.6236
0.5383, 137.6907
0.5383, 137.7578
0.5383, 137.8248
0.5383, 137.8919
0.5383, 137.959
0.5479, 138.0261
0.548, 138.0932
0.548, 138.1602
0.548, 138.2274
0.548, 138.2944
0.5575, 138.3615
0.5575, 138.4285
0.5575, 138.4957
0.5577, 138.5628
0.5577, 138.6299
0.5673, 138.697
0.5673, 138.7641
0.5673, 138.8311
0.5673, 138.8982
0.5673, 138.9653
0.577, 139.0324
0.577, 139.0995
0.577, 139.1666
0.577, 139.2337
0.577, 139.3007
0.577, 139.3678
0.5867, 139.4349
0.5867, 139.502
0.5867, 139.5691
0.5867, 139.6362
0.5867, 139.7032
0.5964, 139.7703
0.5964, 139.8374
0.5964, 139.9045
0.5964, 139.9716
0.5964, 140.0387
0.6061, 140.1058
0.6061, 140.1729
0.6061, 140.2399
0.6061, 140.307
0.6061, 140.374
0.6157, 140.4412
0.6157, 140.5083
0.6158, 140.5754
0.6158, 140.6425
0.6158, 140.7095
0.6254, 140.7766
0.6254, 140.8437
0.6254, 140.9108
0.6254, 140.9779
0.6255, 141.045
0.6351, 141.1121
0.6351, 141.1792
0.6351, 141.2462
0.6351, 141.3133
0.6448, 141.3804
0.6448, 141.4475
0.6448, 141.5146
0.6448, 141.5817
0.6448, 141.6488
0.6545, 141.7158
0.6545, 141.7829
0.6545, 141.85
0.6545, 141.9171
0.6641, 141.9842
0.6641, 142.0513
0.6642, 142.1184
0.6642, 142.1854
0.6642, 142.2525
0.6738, 142.3195
0.6738, 142.3867
0.6738, 142.4538
0.6738, 142.5209
0.6835, 142.588
0.6835, 142.6551
0.6835, 142.7221
0.6835, 142.7892
0.6932, 142.8563
0.6932, 142.9234
0.6932, 142.9905
0.6932, 143.0576
0.7027, 143.1247
0.7029, 143.1918
0.7029, 143.2588
0.7029, 143.3259
0.7125, 143.393
0.7125, 143.4601
0.7125, 143.5272
0.7125, 143.5943
0.7222, 143.6614
0.7222, 143.7284
0.7222, 143.7955
0.7222, 143.8626
0.7319, 143.9297
0.7319, 143.9968
0.7319, 144.0639
0.7415, 144.131
0.7415, 144.1981
0.7416, 144.2651
0.7416, 144.3322
0.7511, 144.3993
0.7511, 144.4664
0.7511, 144.5335
0.7609, 144.6006
0.7609, 144.6677
0.7609, 144.7348
0.7609, 144.8018
0.7705, 144.8689
0.7706, 144.936
0.7706, 145.0031
0.7802, 145.0702
0.7802, 145.1373
0.7802, 145.2044
0.7802, 145.2713
0.7899, 145.3385
0.7899, 145.4056
0.7899, 145.4727
0.7995, 145.5398
0.7995, 145.6069
0.7995, 145.674
0.8092, 145.741
0.8092, 145.8081
0.8092, 145.8752
0.8189, 145.9423
0.8189, 146.0094
0.8189, 146.0765
0.8286, 146.1436
0.8286, 146.2107
0.8286, 146.2778
0.8382, 146.3449
0.8382, 146.4119
0.8382, 146.479
0.8479, 146.5461
0.8479, 146.6132
0.8479, 146.6803
0.8479, 146.7473
0.8576, 146.8145
0.8576, 146.8815
0.8672, 146.9485
0.8769, 147.0157
0.8769, 147.0828
0.8769, 147.1499
0.8769, 147.217
0.8769, 147.2841
0.8864, 147.3512
0.8866, 147.4183
0.8866, 147.4853
0.8961, 147.5524
0.8961, 147.6195
0.9059, 147.6865
0.9059, 147.7537
0.9155, 147.8208
0.9155, 147.8879
0.9155, 147.955
0.9252, 148.0221
0.9252, 148.0891
0.9348, 148.1562
0.9348, 148.2233
0.9445, 148.2904
0.9445, 148.3575
0.9542, 148.4245
0.9542, 148.4917
0.9638, 148.5588
0.9638, 148.6259
0.9735, 148.6928
0.9735, 148.76
0.983, 148.8271
0.983, 148.8942
0.9928, 148.9613
0.9928, 149.0284
1.0025, 149.0955
1.0025, 149.1626
1.0121, 149.2297
1.0121, 149.2967
1.0218, 149.3638
1.0314, 149.4309
1.0314, 149.498
1.0411, 149.5651
1.0507, 149.6322
1.0507, 149.6993
1.0604, 149.7664
1.07, 149.8335
1.07, 149.9005
1.0796, 149.9677
1.0893, 150.0348
1.099, 150.1019
1.1086, 150.1689
1.1183, 150.236
1.1183, 150.3031
1.1279, 150.3702
1.1376, 150.4373
1.1472, 150.5044
1.1569, 150.5715
1.1665, 150.6385
1.1762, 150.7057
1.1858, 150.7728
1.1955, 150.7728
1.2051, 150.8399
1.2147, 150.907
1.2244, 150.907
1.234, 150.907
1.2437, 150.907
1.2533, 150.907
1.263, 150.9741
1.2726, 150.9741
1.2823, 151.0412
1.2919, 151.0412
1.3016, 151.1083
1.3112, 151.1084
1.3208, 151.1084
1.3305, 151.1084
1.3401, 151.1084
1.3498, 151.1084
1.3594, 151.1084
1.369, 151.1084
1.3787, 151.1084
1.3883, 151.1084
1.398, 151.1085
1.4076, 151.1085
1.4172, 151.1085
1.4269, 151.0414
1.4365, 151.0414
1.4461, 151.0414
1.4558, 150.9743
1.4654, 150.9744
1.4751, 150.9073
1.4847, 150.9073
1.4943, 150.8401
1.504, 150.7731
1.5135, 150.7732
1.5232, 150.7061
1.5329, 150.639
1.5425, 150.639
1.5521, 150.639
1.5617, 150.572
1.5714, 150.5049
1.5714, 150.4378
1.581, 150.4378
1.581, 150.3707
1.5907, 150.3037
1.6002, 150.2366
1.6099, 150.1695
1.6196, 150.1024
1.6292, 150.0354
1.6388, 150.0354
1.6484, 150.0354
1.6581, 149.9683
1.6677, 149.9012
1.6774, 149.8342
1.687, 149.7671
1.687, 149.7
1.6966, 149.7
1.6966, 149.6329
1.7062, 149.5659
1.7159, 149.4988
1.7255, 149.4317
1.7351, 149.3646
1.7448, 149.2976
1.7544, 149.2976
1.764, 149.2976
1.7737, 149.2305
1.7833, 149.1634
1.7929, 149.0964
1.8026, 149.0293
1.8122, 148.9622
1.8122, 148.8951
1.8218, 148.8951
1.8218, 148.8281
1.8315, 148.761
1.8411, 148.6939
1.8507, 148.6268
1.8604, 148.5598
1.87, 148.5598
1.8796, 148.5598
1.8893, 148.4927
1.8989, 148.4256
1.9085, 148.3586
1.9182, 148.2915
1.9278, 148.2244
1.9278, 148.1573
1.9374, 148.1574
1.9374, 148.0903
1.947, 148.0232
1.9567, 147.9561
1.9663, 147.889
1.9759, 147.822
1.9856, 147.7549
1.9952, 147.7549
2.0049, 147.7549
2.0145, 147.6879
2.0241, 147.6208
2.0337, 147.5537
2.0434, 147.4866
2.0434, 147.4195
2.053, 147.4196
2.053, 147.3525
2.0626, 147.2854
2.0723, 147.2183
2.0819, 147.1513
2.0915, 147.0842
2.1012, 147.0171
2.1108, 147.0171
2.1204, 147.0171
2.1301, 146.9501
2.1397, 146.883
2.1493, 146.8159
2.1493, 146.7488
2.159, 146.7488
2.159, 146.6818
2.1686, 146.6147
2.1782, 146.5476
2.1879, 146.4805
2.1975, 146.4135
2.2071, 146.4135
2.2168, 146.4135
2.2264, 146.3464
2.236, 146.2793
2.2457, 146.2123
2.2456, 146.1452
2.2553, 146.1452
2.2553, 146.0781
2.2649, 146.011
2.2745, 145.944
2.2842, 145.8769
2.2938, 145.8098
2.3034, 145.8098
2.3131, 145.8098
2.3227, 145.7428
2.3323, 145.6757
2.342, 145.6086
2.342, 145.5415
2.3516, 145.5415
2.3516, 145.4745
2.3612, 145.4074
2.3709, 145.3403
2.3805, 145.2732
2.3901, 145.2062
2.3998, 145.2062
2.4094, 145.2062
2.419, 145.1391
2.4287, 145.072
2.4383, 145.005
2.4383, 144.9379
2.4479, 144.9379
2.4479, 144.8708
2.4576, 144.8037
2.4672, 144.7367
2.4768, 144.6696
2.4865, 144.6025
2.4961, 144.6025
2.5057, 144.6025
2.5154, 144.5354
2.525, 144.4684
2.5346, 144.4013
2.5346, 144.3342
2.5443, 144.3342
2.5443, 144.2671
2.5539, 144.2001
2.5635, 144.133
2.5731, 144.0659
2.5828, 143.9989
2.5924, 143.9989
2.6021, 143.9989
2.6117, 143.9318
2.6213, 143.8647
2.631, 143.7976
2.6309, 143.7306
2.6406, 143.7306
2.6406, 143.6635
2.6502, 143.5964
2.6598, 143.5293
2.6695, 143.4623
2.6791, 143.3952
2.6886, 143.3952
2.6984, 143.3952
2.708, 143.3282
2.7176, 143.261
2.7273, 143.194
2.7273, 143.1269
2.7368, 143.1269
2.7368, 143.0599
2.7465, 142.9928
2.7562, 142.9257
2.7658, 142.8586
2.7753, 142.7915
2.7851, 142.7915
2.7947, 142.7915
2.8043, 142.7245
2.814, 142.6574
2.8235, 142.5904
2.8235, 142.5232
2.8332, 142.5232
2.8332, 142.4562
2.8429, 142.3891
2.8525, 142.3221
2.862, 142.255
2.8717, 142.1879
2.8814, 142.1879
2.891, 142.1879
2.9007, 142.1209
2.9102, 142.0538
2.9199, 141.9867
2.9199, 141.9196
2.9296, 141.9196
2.9295, 141.8526
2.9392, 141.7854
2.9487, 141.7184
2.9584, 141.6513
2.9681, 141.5843
2.9777, 141.5843
2.9874, 141.5843
2.9969, 141.5171
3.0066, 141.4501
3.0066, 141.3831
3.0162, 141.3831
3.0162, 141.316
3.0259, 141.2489
3.0355, 141.1818
3.0451, 141.1148
3.0548, 141.1148
3.0644, 141.1148
3.074, 141.0477
3.0836, 140.9806
3.0836, 140.9136
3.0933, 140.9136
3.0933, 140.8465
3.1029, 140.7793
3.1126, 140.7123
3.1222, 140.6453
3.1318, 140.5782
3.1415, 140.5782
3.1511, 140.5782
3.1607, 140.511
3.1703, 140.4441
3.1703, 140.377
3.18, 140.377
3.18, 140.3099
3.1896, 140.2428
3.1993, 140.1758
3.2089, 140.1087
3.2185, 140.1087
3.2282, 140.1087
3.2378, 140.0416
3.2474, 139.9746
3.2474, 139.9075
3.257, 139.9075
3.257, 139.8404
3.2667, 139.7732
3.2763, 139.7063
3.2859, 139.6392
3.2955, 139.5721
3.3052, 139.5721
3.3149, 139.5721
3.3245, 139.5051
3.3341, 139.438
3.3341, 139.3709
3.3437, 139.3709
3.3437, 139.3038
3.3534, 139.2368
3.363, 139.1697
3.3726, 139.1026
3.3822, 139.1026
3.3919, 139.1026
3.4015, 139.0356
3.4112, 138.9685
3.4112, 138.9014
3.4208, 138.9014
3.4208, 138.8343
3.4304, 138.7673
3.4401, 138.7002
3.4497, 138.6331
3.4593, 138.5659
3.4689, 138.5659
3.4786, 138.5661
3.4882, 138.499
3.4979, 138.4319
3.4979, 138.3648
3.5074, 138.3648
3.5074, 138.2977
3.5171, 138.2307
3.5268, 138.1636
3.5364, 138.0965
3.546, 138.0295
3.5556, 138.0295
3.5653, 138.0295
3.5749, 137.9624
3.5846, 137.8953
3.5846, 137.8282
3.5941, 137.8283
3.5941, 137.7612
3.6038, 137.6941
3.6134, 137.627
3.6231, 137.56
3.6327, 137.56
3.6423, 137.56
3.652, 137.4929
3.6616, 137.4258
3.6616, 137.3587
3.6713, 137.3588
3.6712, 137.2917
3.6808, 137.2246
3.6905, 137.1575
3.7001, 137.0905
3.7098, 137.0234
3.7194, 137.0234
3.729, 137.0234
3.7387, 136.9563
3.7483, 136.8893
3.7483, 136.8222
3.7579, 136.8222
3.7579, 136.7551
3.7675, 136.688
3.7772, 136.6209
3.7868, 136.5539
3.7965, 136.5539
3.8061, 136.5539
3.8157, 136.4868
3.8254, 136.4198
3.8254, 136.3527
3.835, 136.3527
3.835, 136.2856
3.8446, 136.2185
3.8542, 136.1514
3.8639, 136.0844
3.8735, 136.0173
3.8832, 136.0173
3.8928, 136.0173
3.9024, 135.9502
3.9121, 135.8832
3.9121, 135.8161
3.9217, 135.8161
3.9217, 135.749
3.9313, 135.6819
3.9409, 135.6149
3.9506, 135.5478
3.9602, 135.4807
3.9699, 135.4807
3.9795, 135.4137
3.9891, 135.3466
3.9988, 135.2795
4.0084, 135.2124
4.018, 135.1454
4.0276, 135.0783
4.0373, 135.0112
4.0469, 135.0112
4.0565, 134.9442
4.0662, 134.8771
4.0758, 134.81
4.0854, 134.7429
4.0951, 134.6759
4.1047, 134.6088
4.1143, 134.5417
4.124, 134.5417
4.1336, 134.5417
4.1432, 134.4747
4.1432, 134.4076
4.1529, 134.4076
4.1529, 134.3405
4.1625, 134.2734
4.1721, 134.2064
4.1818, 134.1393
4.1914, 134.0722
4.201, 134.0722
4.2107, 134.0722
4.2203, 134.0052
4.2203, 133.9381
4.2299, 133.9381
4.2299, 133.871
4.2396, 133.8039
4.2492, 133.7368
4.2588, 133.6698
4.2685, 133.6698
4.2781, 133.6027
4.2877, 133.5356
4.2974, 133.4686
4.307, 133.4015
4.3166, 133.3344
4.3263, 133.2674
4.3359, 133.2003
4.3455, 133.2003
4.3552, 133.2003
4.3648, 133.1332
4.3648, 133.0662
4.3744, 133.0662
4.3744, 132.999
4.3841, 132.932
4.3937, 132.8649
4.4033, 132.7979
4.4129, 132.7308
4.4226, 132.7308
4.4322, 132.7308
4.4419, 132.6637
4.4419, 132.5966
4.4515, 132.5967
4.4515, 132.5295
4.4611, 132.4625
4.4707, 132.3954
4.4804, 132.3284
4.49, 132.3284
4.4997, 132.3284
4.5093, 132.2612
4.5189, 132.1942
4.5189, 132.1271
4.5286, 132.1272
4.5285, 132.0601
4.5382, 131.9929
4.5478, 131.9259
4.5574, 131.8589
4.5671, 131.8589
4.5767, 131.7917
4.5863, 131.7247
4.596, 131.6576
4.6056, 131.5906
4.6152, 131.5234
4.6249, 131.4564
4.6345, 131.3893
4.6441, 131.3894
4.6538, 131.3894
4.6634, 131.3223
4.6634, 131.2551
4.673, 131.2551
4.673, 131.1881
4.6827, 131.1211
4.6923, 131.054
4.7019, 130.9868
4.7116, 130.9868
4.7212, 130.9868
4.7308, 130.9199
4.7308, 130.8528
4.7405, 130.8528
4.7405, 130.7856
4.7501, 130.7186
4.7597, 130.6516
4.7694, 130.5845
4.779, 130.5845
4.7886, 130.5845
4.7983, 130.5173
4.7983, 130.4504
4.8079, 130.4504
4.8079, 130.3833
4.8175, 130.3162
4.8272, 130.249
4.8368, 130.1821
4.8464, 130.115
4.8561, 130.115
4.8657, 130.0479
4.8753, 129.9809
4.885, 129.9138
4.8946, 129.8467
4.9042, 129.7795
4.9138, 129.7126
4.9235, 129.7126
4.9331, 129.7126
4.9428, 129.6455
4.9426, 129.5784
4.9524, 129.5784
4.9524, 129.5114
4.962, 129.4443
4.9716, 129.3772
4.9813, 129.3101
4.9909, 129.3101
5.0006, 129.3102
5.0102, 129.2431
5.0102, 129.176
5.0198, 129.176
5.0198, 129.1089
5.0294, 129.0418
5.0391, 128.9748
5.0487, 128.9077
5.0583, 128.9077
5.068, 128.9077
5.0776, 128.8407
5.0776, 128.7736
5.0872, 128.7736
5.0872, 128.7065
5.0969, 128.6394
5.1065, 128.5723
5.1161, 128.5053
5.1258, 128.5053
5.1354, 128.5053
5.145, 128.4382
5.145, 128.3711
5.1547, 128.3711
5.1547, 128.3041
5.1643, 128.237
5.1739, 128.1699
5.1836, 128.1028
5.1932, 128.0358
5.2028, 127.9687
5.2125, 127.9687
5.2125, 127.9016
5.2221, 127.9016
5.2317, 127.8346
5.2414, 127.7675
5.251, 127.7004
5.2606, 127.6333
5.2703, 127.6334
5.2799, 127.6334
5.2894, 127.5663
5.2894, 127.4992
5.2992, 127.4992
5.2992, 127.4321
5.3088, 127.3651
5.3184, 127.298
5.3281, 127.2309
5.3377, 127.2309
5.3473, 127.2309
5.357, 127.1639
5.357, 127.0968
5.3666, 127.0968
5.3666, 127.0297
5.3761, 126.9626
5.3858, 126.8956
5.3955, 126.8285
5.4051, 126.8285
5.4148, 126.8285
5.4243, 126.7614
5.4243, 126.6943
5.434, 126.6944
5.434, 126.6273
5.4436, 126.5602
5.4533, 126.4931
5.4628, 126.4261
5.4725, 126.359
5.4822, 126.359
5.4822, 126.2919
5.4918, 126.2919
5.5013, 126.2248
5.511, 126.1578
5.5207, 126.0907
5.5303, 126.0907
5.54, 126.0907
5.5495, 126.0236
5.5495, 125.9566
5.5592, 125.9566
5.5592, 125.8895
5.5689, 125.8224
5.5785, 125.7553
5.588, 125.6883
5.5977, 125.6883
5.6074, 125.6883
5.617, 125.6212
5.617, 125.5541
5.6267, 125.5541
5.6267, 125.487
5.6362, 125.42
5.6459, 125.3529
5.6556, 125.2858
5.6652, 125.2187
5.6747, 125.2187
5.6747, 125.1517
5.6844, 125.1517
5.6941, 125.0846
5.7037, 125.0176
5.7134, 124.9505
5.7229, 124.8834
5.7326, 124.8163
5.7423, 124.8163
5.7423, 124.7492
5.7519, 124.7492
5.7614, 124.6822
5.7711, 124.6151
5.7808, 124.5481
5.7904, 124.5481
5.8001, 124.5481
5.8096, 124.4809
5.8096, 124.4139
5.8193, 124.4139
5.8193, 124.3468
5.829, 124.2798
5.8386, 124.2127
5.8481, 124.1456
5.8578, 124.1456
5.8675, 124.1456
5.8771, 124.0786
5.8771, 124.0115
5.8868, 124.0115
5.8868, 123.9444
5.8963, 123.8773
5.906, 123.8103
5.9156, 123.7431
5.9253, 123.6761
5.9348, 123.6761
5.9348, 123.6091
5.9445, 123.6091
5.9542, 123.542
5.9638, 123.4748
5.9734, 123.4078
5.983, 123.4079
5.9927, 123.4079
6.0024, 123.3408
6.0023, 123.2737
6.012, 123.2737
6.012, 123.2066
6.0216, 123.1396
6.0312, 123.0725
6.0409, 123.0054
6.0505, 123.0054
6.0602, 123.0054
6.0698, 122.9384
6.0698, 122.8713
6.0794, 122.8713
6.0794, 122.8042
6.089, 122.737
6.0987, 122.6701
6.1083, 122.603
6.1179, 122.5359
6.1276, 122.5359
6.1276, 122.4687
6.1372, 122.4687
6.1468, 122.4018
6.1565, 122.3347
6.1661, 122.2676
6.1757, 122.2676
6.1854, 122.2676
6.195, 122.2006
6.195, 122.1335
6.2046, 122.1335
6.2046, 122.0664
6.2143, 121.9992
6.2239, 121.9323
6.2335, 121.8652
6.2432, 121.7981
6.2528, 121.7981
6.2528, 121.7311
6.2624, 121.7311
6.2721, 121.664
6.2817, 121.5969
6.2913, 121.5298
6.301, 121.4628
6.3106, 121.4628
6.3106, 121.3957
6.3202, 121.3957
6.3299, 121.3286
6.3395, 121.2616
6.3491, 121.1945
6.3588, 121.1274
6.3684, 121.1274
6.3684, 121.0603
6.378, 121.0604
6.3877, 120.9933
6.3973, 120.9262
6.4069, 120.8591
6.4166, 120.7921
6.4262, 120.7921
6.4358, 120.725
6.4455, 120.6579
6.4551, 120.5908
6.4647, 120.5238
6.4744, 120.4567
6.484, 120.3896
6.4936, 120.3896
6.4936, 120.3226
6.5032, 120.3226
6.5129, 120.2555
6.5225, 120.1884
6.5321, 120.1213
6.5417, 120.0543
6.5514, 120.0543
6.5514, 119.9872
6.5611, 119.9872
6.5707, 119.9201
6.5803, 119.8531
6.5899, 119.786
6.5996, 119.7189
6.6092, 119.6518
6.6188, 119.6519
6.6188, 119.5848
6.6284, 119.5848
6.6381, 119.5177
6.6477, 119.4506
6.6574, 119.3836
6.667, 119.3836
6.6766, 119.3165
6.6863, 119.2494
6.6959, 119.1824
6.7055, 119.1153
6.7151, 119.0482
6.7248, 118.9811
6.7344, 118.9811
6.7344, 118.9141
6.7441, 118.9141
6.7537, 118.847
6.7633, 118.7799
6.773, 118.7128
6.7826, 118.7128
6.7922, 118.6458
6.8018, 118.5787
6.8115, 118.5116
6.8211, 118.4445
6.8308, 118.3775
6.8404, 118.3104
6.85, 118.2433
6.8597, 118.2434
6.8597, 118.1763
6.8693, 118.1763
6.8789, 118.1092
6.8885, 118.0421
6.8982, 117.975
6.9078, 117.908
6.9175, 117.908
6.9175, 117.8409
6.9271, 117.8409
6.9367, 117.7739
6.9464, 117.7067
6.956, 117.6397
6.9656, 117.5726
6.9752, 117.5726
6.9752, 117.5056
6.9849, 117.5056
6.9945, 117.4385
7.0042, 117.3714
7.0138, 117.3044
7.0234, 117.2373
7.0331, 117.2373
7.0331, 117.1702
7.0427, 117.1702
7.0523, 117.1031
7.062, 117.0361
7.0716, 116.9689
7.0812, 116.9019
7.0909, 116.9019
7.0909, 116.8349
7.1005, 116.8349
7.1101, 116.7678
7.1198, 116.7006
7.1294, 116.7006
7.139, 116.7006
7.1487, 116.6337
7.1487, 116.5666
7.1583, 116.5666
7.1583, 116.4995
7.1679, 116.4324
7.1776, 116.3654
7.1872, 116.2983
7.1968, 116.2983
7.1968, 116.2312
7.2065, 116.2312
7.2161, 116.1642
7.2257, 116.0971
7.2354, 116.03
7.245, 115.9628
7.2546, 115.9628
7.2546, 115.8959
7.2643, 115.8959
7.2739, 115.8288
7.2835, 115.7617
7.2931, 115.6945
7.3028, 115.6276
7.3124, 115.6276
7.3124, 115.5605
7.3221, 115.5605
7.3317, 115.4934
7.3413, 115.4264
7.3509, 115.3593
7.3606, 115.2922
7.3702, 115.2922
7.3702, 115.2251
7.3798, 115.2252
7.3895, 115.1581
7.3991, 115.091
7.4087, 115.0239
7.4184, 114.9569
7.428, 114.9569
7.428, 114.8898
7.4376, 114.8898
7.4473, 114.8227
7.4569, 114.7557
7.4665, 114.6886
7.4762, 114.6215
7.4858, 114.6215
7.4858, 114.5544
7.4954, 114.5544
7.5051, 114.4874
7.5147, 114.4203
7.5243, 114.3532
7.534, 114.2862
7.5436, 114.2862
7.5436, 114.2191
7.5532, 114.2191
7.5629, 114.152
7.5725, 114.0849
7.5821, 114.0179
7.5918, 113.9508
7.6014, 113.9508
7.6014, 113.8837
7.611, 113.8837
7.6207, 113.8167
7.6303, 113.7496
7.6399, 113.7496
7.6496, 113.7496
7.6592, 113.6825
7.6592, 113.6155
7.6688, 113.6155
7.6688, 113.5484
7.6785, 113.4813
7.6881, 113.4142
7.6977, 113.3472
7.7074, 113.3472
7.7074, 113.2801
7.717, 113.2801
7.7266, 113.213
7.7363, 113.1459
7.7459, 113.0789
7.7555, 113.0118
7.7652, 113.0118
7.7652, 112.9447
7.7748, 112.9447
7.7844, 112.8777
7.7941, 112.8106
7.8037, 112.7435
7.8133, 112.6764
7.823, 112.6764
7.823, 112.6094
7.8326, 112.6094
7.8422, 112.5423
7.8519, 112.4752
7.8615, 112.4752
7.8711, 112.4753
7.8808, 112.4082
7.8808, 112.3411
7.8904, 112.3411
7.8904, 112.274
7.9, 112.207
7.9097, 112.1399
7.9193, 112.0728
7.9289, 112.0728
7.9289, 112.0057
7.9386, 112.0057
7.9482, 111.9386
7.9578, 111.8716
7.9675, 111.8716
7.9771, 111.8716
7.9867, 111.8045
7.9867, 111.7375
7.9964, 111.7375
7.9964, 111.6703
8.006, 111.6033
8.0156, 111.5362
8.0253, 111.4692
8.0349, 111.4692
8.0349, 111.4021
8.0445, 111.4021
8.0542, 111.335
8.0638, 111.268
8.0734, 111.268
8.0831, 111.268
8.0927, 111.2009
8.0927, 111.1338
8.1023, 111.1338
8.1023, 111.0668
8.112, 110.9997
8.1216, 110.9325
8.1312, 110.8655
8.1409, 110.8655
8.1408, 110.7985
8.1505, 110.7985
8.1601, 110.7314
8.1698, 110.6643
8.1794, 110.5972
8.189, 110.5302
8.1987, 110.5302
8.1985, 110.4631
8.2083, 110.4631
8.2179, 110.396
8.2275, 110.329
8.2372, 110.2619
8.2468, 110.2619
8.2468, 110.1948
8.2565, 110.1948
8.2661, 110.1278
8.2757, 110.0607
8.2852, 109.9936
8.295, 109.9264
8.3046, 109.9264
8.3046, 109.8595
8.3142, 109.8595
8.3239, 109.7924
8.3335, 109.7252
8.3432, 109.7252
8.3528, 109.7252
8.3624, 109.6583
8.3624, 109.5912
8.3721, 109.5912
8.3719, 109.5241
8.3817, 109.457
8.3913, 109.39
8.4009, 109.3229
8.4106, 109.3229
8.4106, 109.2558
8.4202, 109.2558
8.4298, 109.1888
8.4395, 109.1217
8.4491, 109.1217
8.4588, 109.1217
8.4684, 109.0546
8.4684, 108.9876
8.478, 108.9876
8.478, 108.9205
8.4876, 108.8534
8.4973, 108.7863
8.5069, 108.7193
8.5165, 108.7193
8.5165, 108.6522
8.5262, 108.6522
8.5358, 108.5851
8.5453, 108.5181
8.5551, 108.5181
8.5647, 108.5181
8.5744, 108.451
8.5743, 108.3839
8.584, 108.3839
8.584, 108.3168
8.5936, 108.2498
8.6032, 108.1827
8.6129, 108.1156
8.6225, 108.1156
8.6225, 108.0485
8.632, 108.0486
8.6418, 107.9815
8.6514, 107.9144
8.661, 107.8473
8.6707, 107.8474
8.6707, 107.7803
8.6803, 107.7803
8.6899, 107.7132
8.6996, 107.6461
8.7092, 107.5791
8.7187, 107.5791
8.7187, 107.512
8.7285, 107.512
8.7381, 107.4449
8.7477, 107.3778
8.7574, 107.3779
8.767, 107.3779
8.7766, 107.3108
8.7766, 107.2437
8.7863, 107.2437
8.7863, 107.1766
8.7959, 107.1096
8.8054, 107.1096
8.8152, 107.1096
8.8248, 107.0425
8.8248, 106.9754
8.8344, 106.9754
8.8344, 106.9083
8.8441, 106.8413
8.8537, 106.7742
8.8633, 106.7071
8.873, 106.7071
8.873, 106.6401
8.8826, 106.6401
8.8921, 106.573
8.9019, 106.5059
8.9115, 106.4389
8.9211, 106.4389
8.9211, 106.3718
8.9308, 106.3718
8.9404, 106.3047
8.95, 106.2376
8.9597, 106.1706
8.9693, 106.1706
8.9693, 106.1035
8.9788, 106.1035
8.9886, 106.0364
8.9982, 105.9694
9.0078, 105.9022
9.0175, 105.9022
9.0175, 105.8352
9.0271, 105.8352
9.0367, 105.7682
9.0464, 105.701
9.056, 105.701
9.0656, 105.701
9.0753, 105.634
9.0753, 105.5669
9.0849, 105.567
9.0849, 105.4999
9.0945, 105.4328
9.1042, 105.4328
9.1138, 105.4328
9.1234, 105.3657
9.1234, 105.2987
9.1331, 105.2987
9.1331, 105.2316
9.1427, 105.1645
9.1522, 105.0974
9.162, 105.0304
9.1716, 105.0304
9.1716, 104.9633
9.1812, 104.9633
9.1909, 104.8961
9.2005, 104.8292
9.2101, 104.7621
9.2198, 104.7621
9.2198, 104.6949
9.2294, 104.6949
9.2389, 104.628
9.2487, 104.5609
9.2583, 104.4938
9.2679, 104.4938
9.2679, 104.4267
9.2776, 104.4267
9.2872, 104.3597
9.2968, 104.2926
9.3065, 104.2255
9.3161, 104.2255
9.3161, 104.1584
9.3256, 104.1585
9.3354, 104.0914
9.345, 104.0243
9.3546, 103.9572
9.3643, 103.9572
9.3643, 103.8902
9.3739, 103.8902
9.3835, 103.8231
9.3932, 103.756
9.4028, 103.756
9.4123, 103.7561
9.4221, 103.689
9.4221, 103.6219
9.4317, 103.6219
9.4317, 103.5548
9.4413, 103.4877
9.451, 103.4207
9.4606, 103.3536
9.4702, 103.3536
9.4702, 103.2865
9.4799, 103.2865
9.4895, 103.2195
9.499, 103.1524
9.5088, 103.0853
9.5184, 103.0853
9.5184, 103.0182
9.528, 103.0183
9.5377, 102.9512
9.5473, 102.8841
9.5569, 102.817
9.5666, 102.817
9.5665, 102.75
9.5762, 102.75
9.5857, 102.6829
9.5955, 102.6158
9.6051, 102.5488
9.6147, 102.5488
9.6147, 102.4817
9.6244, 102.4817
9.634, 102.4146
9.6436, 102.3475
9.6532, 102.2805
9.6629, 102.2805
9.6629, 102.2134
9.6724, 102.2134
9.6822, 102.1463
9.6918, 102.0793
9.7014, 102.0793
9.7014, 102.0122
9.7111, 102.0122
9.7207, 101.9451
9.7303, 101.878
9.7399, 101.811
9.7496, 101.811
9.7496, 101.7439
9.7591, 101.7439
9.7689, 101.6768
9.7785, 101.6098
9.7881, 101.5427
9.7978, 101.5427
9.7976, 101.4756
9.8074, 101.4756
9.817, 101.4086
9.8267, 101.3415
9.8363, 101.2744
9.8458, 101.2744
9.8458, 101.2073
9.8556, 101.2074
9.8652, 101.1403
9.8748, 101.0732
9.8843, 101.0061
9.8941, 101.0061
9.8941, 100.9391
9.9037, 100.9391
9.9134, 100.8719
9.923, 100.8049
9.9325, 100.7378
9.9423, 100.7379
9.9422, 100.6707
9.9519, 100.6707
9.9615, 100.6037
9.971, 100.5366
9.9808, 100.5367
9.9808, 100.4696
9.9904, 100.4696
10.0001, 100.4025
10.0097, 100.3354
10.0193, 100.2684
10.029, 100.2684
10.0289, 100.2013
10.0386, 100.2013
10.0482, 100.1342
10.0578, 100.0671
10.0675, 100.0001
10.0771, 100.0001
10.0771, 99.933
10.0868, 99.933
10.0964, 99.8659
10.106, 99.7989
10.1156, 99.7318
10.1253, 99.7318
10.1253, 99.6646
10.1349, 99.6646
10.1445, 99.5977
10.1542, 99.5306
10.1638, 99.4635
10.1735, 99.4635
10.1734, 99.3963
10.1831, 99.3963
10.1927, 99.3294
10.2023, 99.2623
10.212, 99.1952
10.2216, 99.1952
10.2216, 99.1282
10.2313, 99.1282
10.2409, 99.0611
10.2505, 98.994
10.2602, 98.994
10.2601, 98.9268
10.2698, 98.927
10.2793, 98.8599
10.289, 98.7928
10.2987, 98.7257
10.3083, 98.7257
10.3083, 98.6587
10.318, 98.6587
10.3276, 98.5916
10.3372, 98.5245
10.3468, 98.4575
10.3565, 98.4575
10.3565, 98.3904
10.366, 98.3904
10.3757, 98.3233
10.3854, 98.2562
10.395, 98.1892
10.4047, 98.1892
10.4046, 98.1221
10.4143, 98.1221
10.4239, 98.055
10.4335, 97.988
10.4432, 97.9209
10.4527, 97.9209
10.4527, 97.8538
10.4624, 97.8538
10.4721, 97.7868
10.4817, 97.7197
10.4913, 97.6526
10.501, 97.6526
10.501, 97.5855
10.5106, 97.5855
10.5202, 97.5185
10.5299, 97.4514
10.5394, 97.4514
10.5394, 97.3843
10.5491, 97.3843
10.5588, 97.3173
10.5684, 97.2502
10.5779, 97.1831
10.5877, 97.1831
10.5877, 97.116
10.5973, 97.1161
10.6069, 97.049
10.6166, 97.049
10.6261, 97.049
10.6359, 96.9819
10.6359, 96.9148
10.6455, 96.9149
10.6455, 96.8477
10.6551, 96.7807
10.6646, 96.7136
10.6743, 96.7136
10.6743, 96.6465
10.684, 96.6465
10.6936, 96.5795
10.7033, 96.5124
10.7128, 96.5124
10.7128, 96.4453
10.7226, 96.4454
10.7322, 96.3783
10.7418, 96.3112
10.7513, 96.2441
10.761, 96.2441
10.761, 96.1771
10.7707, 96.1771
10.7803, 96.11
10.79, 96.0429
10.7995, 96.0429
10.7995, 95.9758
10.8093, 95.9759
10.8189, 95.9088
10.8285, 95.8417
10.8382, 95.8417
10.8477, 95.8417
10.8574, 95.7747
10.8574, 95.7076
10.8671, 95.7076
10.867, 95.6404
10.8767, 95.5734
10.8862, 95.5734
10.8862, 95.5064
10.896, 95.5064
10.9056, 95.4393
10.9152, 95.3721
10.9247, 95.3051
10.9344, 95.3052
10.9344, 95.2381
10.9441, 95.2381
10.9537, 95.171
10.9634, 95.1039
10.9729, 95.104
10.9729, 95.0369
10.9827, 95.0369
10.9923, 94.9698
11.0019, 94.9026
11.0115, 94.8357
11.0212, 94.8357
11.0212, 94.7686
11.0308, 94.7686
11.0405, 94.7015
11.0501, 94.6343
11.0597, 94.5674
11.0694, 94.5674
11.0693, 94.5003
11.079, 94.5003
11.0886, 94.4332
11.0983, 94.4332
11.1078, 94.4333
11.1175, 94.3662
11.1175, 94.2991
11.1272, 94.2991
11.1272, 94.232
11.1368, 94.165
11.1464, 94.0979
11.1561, 94.0979
11.156, 94.0308
11.1657, 94.0308
11.1753, 93.9637
11.1849, 93.8967
11.1945, 93.8967
11.1945, 93.8296
11.2042, 93.8296
11.2139, 93.7625
11.2235, 93.6955
11.2331, 93.6284
11.2428, 93.6284
11.2427, 93.5613
11.2524, 93.5613
11.262, 93.4943
11.2716, 93.4272
11.2812, 93.4272
11.2812, 93.3601
11.2909, 93.3601
11.3006, 93.293
11.3102, 93.226
11.3197, 93.1589
11.3295, 93.1589
11.3294, 93.0918
11.3391, 93.0918
11.3487, 93.0248
11.3584, 93.0248
11.3679, 93.0248
11.3776, 92.9577
11.3776, 92.8906
11.3873, 92.8906
11.3873, 92.8235
11.3969, 92.7565
11.4064, 92.6894
11.4162, 92.6894
11.4161, 92.6223
11.4258, 92.6223
11.4354, 92.5553
11.445, 92.4882
11.4546, 92.4882
11.4546, 92.4211
11.4643, 92.4211
11.474, 92.3541
11.4836, 92.287
11.4932, 92.2199
11.5029, 92.2199
11.5028, 92.1528
11.5125, 92.1529
11.5221, 92.0858
11.5318, 92.0187
11.5413, 92.0187
11.5413, 91.9516
11.551, 91.9516
11.5607, 91.8846
11.5703, 91.8175
11.5798, 91.8175
11.5798, 91.7504
11.5896, 91.7504
11.5992, 91.6834
11.6088, 91.6162
11.6185, 91.6162
11.6185, 91.5492
11.628, 91.5492
11.6377, 91.4822
11.6474, 91.4822
11.657, 91.4822
11.6665, 91.4151
11.6665, 91.3479
11.6763, 91.3479
11.6763, 91.2809
11.6859, 91.2139
11.6955, 91.1468
11.7052, 91.1468
11.7052, 91.0796
11.7147, 91.0796
11.7244, 91.0127
11.7341, 90.9456
11.7437, 90.9456
11.7437, 90.8784
11.7532, 90.8784
11.763, 90.8115
11.7726, 90.8115
11.7822, 90.8115
11.7919, 90.7444
11.7919, 90.6773
11.8014, 90.6773
11.8014, 90.6101
11.8111, 90.5432
11.8208, 90.5432
11.8208, 90.4761
11.8304, 90.4761
11.8399, 90.409
11.8497, 90.342
11.8593, 90.2749
11.8689, 90.2749
11.8689, 90.2078
11.8786, 90.2078
11.8881, 90.1408
11.8978, 90.0737
11.9075, 90.0737
11.9075, 90.0066
11.9171, 90.0066
11.9266, 89.9395
11.9364, 89.8725
11.946, 89.8725
11.946, 89.8054
11.9556, 89.8054
11.9653, 89.7383
11.9748, 89.6713
11.9845, 89.6713
11.9845, 89.6042
11.9942, 89.6042
12.0038, 89.5371
12.0134, 89.4701
12.0231, 89.403
12.0327, 89.403
12.0327, 89.3359
12.0423, 89.3359
12.052, 89.2688
12.0616, 89.2018
12.0712, 89.2018
12.0712, 89.1347
12.0809, 89.1347
12.0905, 89.0676
12.1001, 89.0006
12.1098, 89.0006
12.1098, 88.9335
12.1194, 88.9335
12.129, 88.8664
12.1387, 88.7993
12.1482, 88.7993
12.1482, 88.7323
12.1579, 88.7323
12.1676, 88.6652
12.1772, 88.5981
12.1868, 88.5311
12.1965, 88.5311
12.1965, 88.464
12.2061, 88.464
12.2157, 88.3969
12.2254, 88.3299
12.2349, 88.3299
12.2349, 88.2628
12.2446, 88.2628
12.2543, 88.1957
12.2639, 88.1286
12.2735, 88.1287
12.2735, 88.0616
12.2832, 88.0616
12.2928, 87.9945
12.3024, 87.9274
12.3121, 87.9275
12.3121, 87.8604
12.3216, 87.8604
12.3313, 87.7933
12.341, 87.7262
12.3506, 87.6592
12.3602, 87.6592
12.3602, 87.592
12.3699, 87.592
12.3795, 87.525
12.3891, 87.4579
12.3988, 87.458
12.3988, 87.3909
12.4083, 87.3909
12.418, 87.3237
12.4277, 87.2567
12.4373, 87.2568
12.4373, 87.1897
12.4469, 87.1897
12.4566, 87.1226
12.4662, 87.0555
12.4758, 87.0555
12.4758, 86.9885
12.4855, 86.9885
12.495, 86.9214
12.5047, 86.8542
12.5144, 86.8542
12.5144, 86.7872
12.524, 86.7873
12.5335, 86.7202
12.5433, 86.6531
12.5529, 86.6531
12.5529, 86.5859
12.5625, 86.5859
12.5722, 86.519
12.5817, 86.4519
12.5914, 86.4519
12.5914, 86.3848
12.6011, 86.3848
12.6107, 86.3178
12.6202, 86.2507
12.63, 86.2507
12.63, 86.1836
12.6396, 86.1836
12.6493, 86.1836
12.6589, 86.1837
12.6684, 86.1166
12.6684, 86.0495
12.6782, 86.0495
12.6781, 85.9824
12.6878, 85.9153
12.6974, 85.9154
12.6974, 85.8483
12.7069, 85.8483
12.7167, 85.7812
12.7263, 85.7141
12.736, 85.7142
12.7359, 85.6471
12.7456, 85.6471
12.7551, 85.58
12.7648, 85.5129
12.7745, 85.5129
12.7745, 85.4459
12.7841, 85.4459
12.7938, 85.3788
12.8034, 85.3788
12.8034, 85.3117
12.813, 85.3117
12.8227, 85.2447
12.8323, 85.1776
12.8418, 85.1776
12.8418, 85.1105
12.8516, 85.1105
12.8612, 85.0434
12.8708, 85.0435
12.8708, 84.9764
12.8805, 84.9764
12.8901, 84.9093
12.8997, 84.8422
12.9094, 84.8423
12.9094, 84.7752
12.919, 84.7752
12.9285, 84.7081
12.9383, 84.7081
12.9383, 84.641
12.9479, 84.641
12.9575, 84.5739
12.9672, 84.5069
12.9768, 84.5069
12.9768, 84.4398
12.9864, 84.4398
12.9961, 84.3728
13.0057, 84.3728
13.0057, 84.3057
13.0153, 84.3057
13.025, 84.2386
13.0346, 84.2386
13.0442, 84.1716
13.0539, 84.1045
13.0635, 84.0374
13.0731, 84.0374
13.0731, 83.9703
13.0828, 83.9704
13.0924, 83.9033
13.102, 83.9033
13.102, 83.8362
13.1117, 83.8362
13.1213, 83.7691
13.1309, 83.7692
13.1406, 83.7021
13.1502, 83.635
13.1599, 83.635
13.1695, 83.5678
13.1791, 83.5009
13.1887, 83.4338
13.1984, 83.4338
13.1984, 83.3667
13.208, 83.3667
13.2176, 83.2997
13.2273, 83.2997
13.2273, 83.2326
13.2368, 83.2326
13.2466, 83.1655
13.2562, 83.1655
13.2562, 83.0985
13.2658, 83.0985
13.2755, 83.0314
13.2851, 83.0314
13.2947, 82.9643
13.3044, 82.8973
13.314, 82.8302
13.3235, 82.8302
13.3235, 82.7631
13.3333, 82.7631
13.3429, 82.696
13.3525, 82.6961
13.3525, 82.629
13.3622, 82.629
13.3718, 82.5619
13.3814, 82.5619
13.3814, 82.4948
13.3911, 82.4948
13.4007, 82.4278
13.4102, 82.4278
13.4102, 82.3607
13.42, 82.3607
13.4296, 82.2936
13.4392, 82.2936
13.4392, 82.2266
13.4489, 82.2266
13.4585, 82.2266
13.4681, 82.1595
13.4778, 82.0924
13.4874, 82.0254
13.4969, 82.0254
13.4969, 81.9583
13.5067, 81.9583
13.5163, 81.8912
13.526, 81.8912
13.5259, 81.8242
13.5356, 81.8242
13.5452, 81.757
13.5549, 81.757
13.5548, 81.69
13.5645, 81.69
13.5741, 81.623
13.5838, 81.623
13.5836, 81.5558
13.5934, 81.5558
13.603, 81.4888
13.6127, 81.4888
13.6127, 81.4217
13.6223, 81.4218
13.6319, 81.4218
13.6416, 81.3547
13.6512, 81.2876
13.6608, 81.2206
13.6705, 81.2206
13.6705, 81.1535
13.6801, 81.1535
13.6897, 81.1535
13.6994, 81.0864
13.709, 81.0194
13.7186, 81.0194
13.7283, 80.9523
13.7379, 80.8852
13.7475, 80.8852
13.7572, 80.8182
13.7668, 80.7511
13.7764, 80.7511
13.7861, 80.684
13.7957, 80.684
13.8053, 80.617
13.815, 80.5499
13.8246, 80.5499
13.8343, 80.4828
13.8439, 80.4157
13.8535, 80.4158
13.8632, 80.3487
13.8728, 80.2816
13.8824, 80.2816
13.8921, 80.2145
13.9017, 80.1475
13.9113, 80.1475
13.921, 80.0804
13.9306, 80.0133
13.9402, 80.0133
13.9499, 79.9463
13.9595, 79.9463
13.9691, 79.8792
13.9788, 79.8121
13.9884, 79.8122
13.998, 79.745
14.0077, 79.678
14.0173, 79.678
14.0269, 79.6109
14.0366, 79.611
14.0462, 79.5439
14.0558, 79.4768
14.0655, 79.4768
14.0751, 79.4097
14.0847, 79.3427
14.0944, 79.3427
14.104, 79.2756
14.1137, 79.2756
14.1233, 79.2085
14.1329, 79.1415
14.1426, 79.1415
14.1522, 79.0744
14.1618, 79.0073
14.1715, 79.0073
14.1811, 78.9403
14.1907, 78.8732
14.2004, 78.8732
14.21, 78.8061
14.2196, 78.8061
14.2293, 78.7391
14.2389, 78.672
14.2485, 78.672
14.2582, 78.6049
14.2678, 78.5379
14.2774, 78.5379
14.2871, 78.4708
14.2967, 78.4708
14.3064, 78.4037
14.316, 78.3367
14.3256, 78.3367
14.3353, 78.2696
14.3449, 78.2696
14.3545, 78.2025
14.3642, 78.1355
14.3738, 78.1355
14.3834, 78.0684
14.3931, 78.0684
14.4027, 78.0013
14.4123, 77.9343
14.422, 77.9343
14.4316, 77.8672
14.4412, 77.8001
14.4509, 77.8001
14.4605, 77.733
14.4701, 77.733
14.4798, 77.666
14.4894, 77.5989
14.499, 77.5989
14.5087, 77.5319
14.5183, 77.5319
14.528, 77.4647
14.5375, 77.3977
14.5472, 77.3977
14.5569, 77.3307
14.5665, 77.3307
14.576, 77.2636
14.5857, 77.1965
14.5954, 77.1966
14.605, 77.1295
14.6147, 77.0624
14.6242, 77.0624
14.6339, 76.9952
14.6436, 76.9954
14.6532, 76.9283
14.6627, 76.9283
14.6724, 76.8612
14.6821, 76.7941
14.6917, 76.7942
14.7014, 76.7271
14.7109, 76.7271
14.7207, 76.66
14.7303, 76.5929
14.7399, 76.593
14.7496, 76.5259
14.7591, 76.5259
14.7688, 76.4588
14.7785, 76.3917
14.7881, 76.3918
14.7976, 76.3247
14.8074, 76.3247
14.817, 76.2576
14.8266, 76.1905
14.8363, 76.1905
14.8458, 76.1235
14.8555, 76.1235
14.8652, 76.0564
14.8748, 75.9893
14.8843, 75.9893
14.8941, 75.9223
14.9037, 75.9223
14.9133, 75.8552
14.923, 75.8552
14.9325, 75.7882
14.9423, 75.721
14.9519, 75.721
14.9615, 75.654
14.9712, 75.654
14.9808, 75.587
14.9904, 75.5199
15.0001, 75.5199
15.0097, 75.4527
15.0193, 75.4527
15.029, 75.3858
15.0386, 75.3858
15.0482, 75.3187
15.0579, 75.3187
15.0675, 75.2516
15.0771, 75.1846
15.0868, 75.1846
15.0964, 75.1175
15.1061, 75.1175
15.1157, 75.0504
15.1253, 75.0505
15.135, 74.9834
15.1446, 74.9163
15.1542, 74.9163
15.1639, 74.8492
15.1735, 74.8493
15.1831, 74.7822
15.1928, 74.7822
15.2024, 74.7151
15.212, 74.648
15.2217, 74.6481
15.2313, 74.581
15.2409, 74.581
15.2506, 74.5139
15.2602, 74.5139
15.2699, 74.4469
15.2795, 74.3798
15.2891, 74.3798
15.2988, 74.3127
15.3084, 74.3127
15.318, 74.2457
15.3277, 74.2457
15.3373, 74.1786
15.3469, 74.1115
15.3566, 74.1115
15.3662, 74.0445
15.3758, 74.0445
15.3855, 73.9774
15.3951, 73.9774
15.4047, 73.9102
15.4144, 73.8433
15.424, 73.8433
15.4336, 73.7762
15.4433, 73.7762
15.4529, 73.709
15.4626, 73.709
15.4722, 73.6421
15.4818, 73.6421
15.4915, 73.575
15.5011, 73.5079
15.5107, 73.508
15.5204, 73.4409
15.53, 73.4409
15.5396, 73.3738
15.5493, 73.3738
15.5589, 73.3068
15.5685, 73.2397
15.5782, 73.2397
15.5878, 73.1726
15.5975, 73.1726
15.6071, 73.1056
15.6167, 73.1056
15.6263, 73.0385
15.636, 72.9714
15.6456, 72.9714
15.6553, 72.9043
15.6649, 72.9043
15.6745, 72.8373
15.6842, 72.8373
15.6938, 72.7702
15.7034, 72.7702
15.713, 72.7032
15.7227, 72.7032
15.7323, 72.636
15.742, 72.569
15.7516, 72.569
15.7612, 72.502
15.7709, 72.502
15.7805, 72.4349
15.7902, 72.4349
15.7997, 72.3678
15.8094, 72.3679
15.8191, 72.3008
15.8287, 72.3008
15.8383, 72.2337
15.8479, 72.2337
15.8576, 72.1667
15.8672, 72.0996
15.8769, 72.0996
15.8864, 72.0325
15.8961, 72.0325
15.9058, 71.9655
15.9154, 71.9655
15.9251, 71.8984
15.9346, 71.8984
15.9443, 71.8313
15.954, 71.8313
15.9636, 71.7643
15.9731, 71.6972
15.9828, 71.6972
15.9925, 71.6301
16.0021, 71.6301
16.0118, 71.5631
16.0214, 71.5631
16.031, 71.496
16.0407, 71.496
16.0503, 71.4289
16.06, 71.429
16.0695, 71.3618
16.0792, 71.3618
16.0889, 71.2948
16.0985, 71.2277
16.1081, 71.2278
16.1178, 71.1607
16.1274, 71.1607
16.137, 71.0936
16.1467, 71.0936
16.1562, 71.0266
16.1659, 71.0266
16.1756, 70.9595
16.1852, 70.9595
16.1948, 70.8923
16.2045, 70.8923
16.2141, 70.8254
16.2237, 70.7583
16.2334, 70.7583
16.2429, 70.6912
16.2527, 70.6912
16.2623, 70.6242
16.2719, 70.6242
16.2816, 70.5571
16.2912, 70.5571
16.3008, 70.4901
16.3105, 70.4901
16.3201, 70.423
16.3296, 70.423
16.3394, 70.3559
16.349, 70.2889
16.3586, 70.2889
16.3683, 70.2218
16.3779, 70.2218
16.3876, 70.1547
16.3972, 70.1547
16.4068, 70.0877
16.4165, 70.0877
16.4261, 70.0206
16.4357, 70.0206
16.4454, 69.9535
16.455, 69.9535
16.4646, 69.8864
16.4743, 69.8864
16.4839, 69.8194
16.4936, 69.8194
16.5032, 69.7524
16.5128, 69.7524
16.5225, 69.6853
16.5321, 69.6853
16.5417, 69.6181
16.5514, 69.6181
16.561, 69.5512
16.5706, 69.5512
16.5803, 69.4841
16.5899, 69.4841
16.5995, 69.417
16.6092, 69.417
16.6188, 69.35
16.6284, 69.35
16.6381, 69.2829
16.6477, 69.2829
16.6574, 69.2159
16.667, 69.1488
16.6766, 69.1488
16.6863, 69.0817
16.6959, 69.0817
16.7055, 69.0147
16.7151, 69.0147
16.7248, 68.9476
16.7344, 68.9476
16.7441, 68.8805
16.7537, 68.8805
16.7633, 68.8135
16.773, 68.8135
16.7826, 68.7464
16.7923, 68.7464
16.8018, 68.6793
16.8115, 68.6794
16.8212, 68.6122
16.8308, 68.6122
16.8404, 68.5452
16.85, 68.5452
16.8597, 68.4782
16.8693, 68.4782
16.879, 68.4111
16.8885, 68.4111
16.8982, 68.3439
16.9079, 68.3439
16.9175, 68.277
16.9272, 68.277
16.9367, 68.2099
16.9464, 68.2099
16.9561, 68.1428
16.9657, 68.1429
16.9752, 68.0758
16.9849, 68.0758
16.9946, 68.0087
17.0042, 67.9416
17.0139, 67.9417
17.0235, 67.8746
17.0331, 67.8746
17.0428, 67.8075
17.0524, 67.8075
17.062, 67.7405
17.0717, 67.7405
17.0813, 67.6734
17.091, 67.6734
17.1006, 67.6063
17.1102, 67.6063
17.1199, 67.5393
17.1295, 67.5393
17.1391, 67.4722
17.1488, 67.4722
17.1584, 67.4051
17.168, 67.4052
17.1777, 67.3381
17.1873, 67.3381
17.197, 67.3381
17.2066, 67.271
17.2162, 67.271
17.2259, 67.204
17.2355, 67.204
17.2451, 67.1369
17.2548, 67.1369
17.2644, 67.0698
17.274, 67.0699
17.2837, 67.0028
17.2933, 67.0028
17.3029, 66.9357
17.3126, 66.9357
17.3222, 66.8687
17.3319, 66.8687
17.3415, 66.8016
17.3511, 66.8016
17.3608, 66.7345
17.3704, 66.7345
17.38, 66.6675
17.3897, 66.6675
17.3993, 66.6004
17.4089, 66.6004
17.4186, 66.5333
17.4282, 66.5333
17.4378, 66.4663
17.4475, 66.4663
17.4571, 66.3992
17.4668, 66.3992
17.4764, 66.3322
17.486, 66.3322
17.4957, 66.2651
17.5053, 66.2651
17.5149, 66.198
17.5246, 66.198
17.5342, 66.131
17.5438, 66.131
17.5535, 66.0639
17.5631, 66.0639
17.5728, 65.9968
17.5824, 65.9968
17.592, 65.9298
17.6017, 65.9298
17.6113, 65.8627
17.6209, 65.8627
17.6306, 65.7957
17.6402, 65.7957
17.6498, 65.7286
17.6595, 65.7286
17.6691, 65.6615
17.6787, 65.6615
17.6884, 65.5945
17.698, 65.5945
17.7077, 65.5274
17.7173, 65.5274
17.7269, 65.4603
17.7366, 65.4603
17.7462, 65.3933
17.7558, 65.3933
17.7654, 65.3933
17.7751, 65.3262
17.7847, 65.3262
17.7944, 65.2591
17.804, 65.2591
17.8136, 65.1921
17.8233, 65.1921
17.8329, 65.125
17.8426, 65.125
17.8521, 65.058
17.8618, 65.058
17.8715, 64.9909
17.8811, 64.9909
17.8907, 64.9238
17.9003, 64.9239
17.91, 64.8568
17.9196, 64.8568
17.9293, 64.7896
17.9388, 64.7896
17.9485, 64.7896
17.9582, 64.7227
17.9678, 64.7227
17.9775, 64.6556
17.987, 64.6556
17.9967, 64.5885
18.0064, 64.5886
18.016, 64.5215
18.0256, 64.5215
18.0352, 64.4544
18.0449, 64.4544
18.0545, 64.3874
18.0642, 64.3874
18.0738, 64.3203
18.0835, 64.3203
18.0931, 64.2532
18.1027, 64.2532
18.1124, 64.2533
18.1219, 64.1862
18.1316, 64.1862
18.1413, 64.1191
18.1509, 64.1191
18.1605, 64.0521
18.1702, 64.0521
18.1798, 63.9849
18.1895, 63.9849
18.1991, 63.9179
18.2086, 63.9179
18.2184, 63.8509
18.228, 63.8509
18.2376, 63.7838
18.2473, 63.7838
18.2569, 63.7167
18.2665, 63.7168
18.2762, 63.7168
18.2858, 63.6497
18.2955, 63.6497
18.3051, 63.5826
18.3147, 63.5826
18.3244, 63.5156
18.334, 63.5156
18.3436, 63.4485
18.3533, 63.4485
18.3629, 63.3814
18.3725, 63.3815
18.3822, 63.3144
18.3918, 63.3144
18.4014, 63.2473
18.4111, 63.2473
18.4207, 63.1803
18.4304, 63.1803
18.44, 63.1132
18.4496, 63.1132
18.4593, 63.1132
18.4689, 63.0461
18.4785, 63.0462
18.4882, 62.979
18.4978, 62.979
18.5074, 62.912
18.5171, 62.912
18.5267, 62.845
18.5364, 62.845
18.546, 62.7779
18.5556, 62.7779
18.5653, 62.7107
18.5749, 62.7107
18.5845, 62.7109
18.5941, 62.6438
18.6038, 62.6438
18.6134, 62.5767
18.6231, 62.5767
18.6327, 62.5097
18.6423, 62.5097
18.652, 62.4426
18.6616, 62.4426
18.6713, 62.4426
18.6808, 62.3755
18.6905, 62.3755
18.7002, 62.3085
18.7098, 62.3085
18.7194, 62.2414
18.729, 62.2414
18.7387, 62.1743
18.7484, 62.1743
18.758, 62.1073
18.7675, 62.1073
18.7772, 62.1073
18.7869, 62.0402
18.7965, 62.0402
18.8062, 61.9731
18.8157, 61.9731
18.8254, 61.9061
18.8351, 61.9061
18.8447, 61.839
18.8542, 61.8391
18.8639, 61.772
18.8736, 61.772
18.8833, 61.772
18.8929, 61.7048
18.9024, 61.7048
18.9122, 61.6379
18.9218, 61.6379
18.9314, 61.5708
18.9411, 61.5708
18.9506, 61.5037
18.9603, 61.5038
18.97, 61.4367
18.9796, 61.4367
18.9893, 61.4367
18.9989, 61.3696
19.0085, 61.3696
19.0182, 61.3026
19.0278, 61.3026
19.0374, 61.2355
19.0471, 61.2355
19.0567, 61.1684
19.0663, 61.1685
19.076, 61.1014
19.0856, 61.1014
19.0953, 61.1014
19.1049, 61.0343
19.1145, 61.0343
19.1242, 60.9673
19.1338, 60.9673
19.1434, 60.9002
19.1531, 60.9002
19.1627, 60.8331
19.1723, 60.8332
19.182, 60.8332
19.1916, 60.7661
19.2013, 60.7661
19.2109, 60.6989
19.2205, 60.6989
19.2302, 60.632
19.2398, 60.632
19.2494, 60.5649
19.2591, 60.5649
19.2687, 60.4978
19.2783, 60.4979
19.288, 60.4979
19.2976, 60.4308
19.3073, 60.4308
19.3169, 60.3637
19.3265, 60.3637
19.3362, 60.2967
19.3458, 60.2967
19.3554, 60.2967
19.3651, 60.2296
19.3747, 60.2296
19.3843, 60.1625
19.394, 60.1626
19.4036, 60.0955
19.4133, 60.0955
19.4229, 60.0284
19.4325, 60.0284
19.4422, 60.0284
19.4518, 59.9614
19.4614, 59.9614
19.4711, 59.8942
19.4807, 59.8942
19.4903, 59.8272
19.5, 59.8273
19.5096, 59.8273
19.5192, 59.7602
19.5289, 59.7602
19.5385, 59.6931
19.5482, 59.6931
19.5577, 59.6261
19.5674, 59.6261
19.5771, 59.6261
19.5867, 59.559
19.5963, 59.559
19.6059, 59.492
19.6156, 59.492
19.6252, 59.4249
19.6349, 59.4249
19.6444, 59.3578
19.6542, 59.3578
19.6638, 59.3578
19.6734, 59.2908
19.6831, 59.2908
19.6926, 59.2237
19.7023, 59.2237
19.712, 59.1567
19.7216, 59.1567
19.7313, 59.1567
19.7409, 59.0896
19.7505, 59.0896
19.7602, 59.0225
19.7698, 59.0226
19.7793, 58.9555
19.7891, 58.9555
19.7987, 58.9555
19.8083, 58.8883
19.818, 58.8883
19.8276, 58.8214
19.8373, 58.8214
19.8469, 58.7543
19.8565, 58.7543
19.8662, 58.6872
19.8758, 58.6872
19.8854, 58.6873
19.8951, 58.6202
19.9047, 58.6202
19.9143, 58.5531
19.924, 58.5531
19.9336, 58.4861
19.9433, 58.4861
19.9529, 58.4861
19.9625, 58.419
19.9722, 58.419
19.9818, 58.3519
19.9914, 58.3519
20.0011, 58.2849
20.0107, 58.2849
20.0203, 58.2849
20.03, 58.2178
20.0396, 58.2178
20.0492, 58.1508
20.0589, 58.1508
20.0685, 58.0836
20.0782, 58.0836
20.0878, 58.0836
20.0974, 58.0167
20.1071, 58.0167
20.1167, 57.9496
20.1263, 57.9496
20.136, 57.9496
20.1456, 57.8824
20.1553, 57.8826
20.1649, 57.8155
20.1745, 57.8155
20.1842, 57.7484
20.1938, 57.7484
20.2034, 57.7484
20.2131, 57.6814
20.2227, 57.6814
20.2323, 57.6143
20.242, 57.6143
20.2516, 57.5472
20.2612, 57.5473
20.2709, 57.5473
20.2805, 57.4802
20.2902, 57.4802
20.2998, 57.4131
20.3094, 57.4131
20.3191, 57.4131
20.3287, 57.3461
20.3383, 57.3461
20.3479, 57.279
20.3576, 57.279
20.3673, 57.2119
20.3769, 57.212
20.3865, 57.212
20.3961, 57.1449
20.4058, 57.1449
20.4154, 57.0778
20.4251, 57.0778
20.4346, 57.0108
20.4443, 57.0108
20.454, 57.0108
20.4636, 56.9437
20.4733, 56.9437
20.4828, 56.8767
20.4925, 56.8767
20.5022, 56.8767
20.5118, 56.8096
20.5213, 56.8096
20.5311, 56.7425
20.5407, 56.7426
20.5503, 56.6755
20.56, 56.6755
20.5695, 56.6755
20.5793, 56.6084
20.5889, 56.6084
20.5985, 56.5413
20.6082, 56.5413
20.6178, 56.5413
20.6274, 56.4743
20.6371, 56.4743
20.6467, 56.4073
20.6564, 56.4073
20.666, 56.3402
20.6756, 56.3402
20.6853, 56.3402
20.6949, 56.2731
20.7045, 56.2731
20.7142, 56.2061
20.7238, 56.2061
20.7334, 56.2061
20.7431, 56.139
20.7527, 56.139
20.7623, 56.072
20.772, 56.072
20.7816, 56.0049
20.7913, 56.0049
20.8009, 56.0049
20.8105, 55.9378
20.8202, 55.9379
20.8298, 55.8708
20.8394, 55.8708
20.8491, 55.8708
20.8587, 55.8037
20.8683, 55.8037
20.878, 55.7367
20.8876, 55.7367
20.8973, 55.7367
20.9069, 55.6696
20.9165, 55.6696
20.9262, 55.6026
20.9358, 55.6026
20.9455, 55.6026
20.955, 55.5354
20.9647, 55.5354
20.9744, 55.4684
20.984, 55.4685
20.9936, 55.4685
21.0033, 55.4014
21.0129, 55.4014
21.0225, 55.3343
21.0322, 55.3343
21.0418, 55.3343
21.0514, 55.2673
21.0611, 55.2673
21.0707, 55.2002
21.0804, 55.2002
21.09, 55.1332
21.0996, 55.1332
21.1093, 55.1332
21.1189, 55.0661
21.1285, 55.0661
21.1381, 54.999
21.1478, 54.999
21.1575, 54.999
21.1671, 54.932
21.1767, 54.932
21.1864, 54.8649
21.196, 54.8649
21.2056, 54.8649
21.2153, 54.7979
21.2248, 54.7979
21.2345, 54.7308
21.2442, 54.7308
21.2538, 54.7308
21.2635, 54.6638
21.2731, 54.6638
21.2827, 54.5967
21.2924, 54.5967
21.302, 54.5967
21.3115, 54.5295
21.3213, 54.5297
21.3309, 54.4626
21.3405, 54.4626
21.3502, 54.4626
21.3598, 54.3955
21.3695, 54.3955
21.3791, 54.3285
21.3887, 54.3285
21.3984, 54.2614
21.408, 54.2614
21.4176, 54.2614
21.4273, 54.1944
21.4369, 54.1944
21.4466, 54.1944
21.4562, 54.1273
21.4658, 54.1273
21.4755, 54.0602
21.4851, 54.0602
21.4947, 54.0603
21.5044, 53.9931
21.514, 53.9931
21.5236, 53.9261
21.5333, 53.9261
21.5429, 53.9261
21.5526, 53.8591
21.5622, 53.8591
21.5718, 53.792
21.5815, 53.792
21.5911, 53.792
21.6007, 53.725
21.6104, 53.725
21.62, 53.6579
21.6296, 53.6579
21.6393, 53.6579
21.6489, 53.5908
21.6585, 53.5909
21.6682, 53.5238
21.6778, 53.5238
21.6875, 53.5238
21.6971, 53.4567
21.7067, 53.4567
21.7164, 53.4567
21.726, 53.3897
21.7357, 53.3897
21.7452, 53.3226
21.7549, 53.3226
21.7646, 53.3226
21.7742, 53.2556
21.7838, 53.2556
21.7934, 53.1885
21.8031, 53.1885
21.8127, 53.1885
21.8224, 53.1214
21.8319, 53.1215
21.8417, 53.0544
21.8513, 53.0544
21.8609, 53.0544
21.8706, 52.9872
21.8801, 52.9872
21.8898, 52.9203
21.8995, 52.9203
21.9091, 52.9203
21.9186, 52.8532
21.9284, 52.8532
21.938, 52.7862
21.9477, 52.7862
21.9573, 52.7862
21.9668, 52.7191
21.9766, 52.7191
21.9862, 52.652
21.9958, 52.6521
22.0055, 52.6521
22.0151, 52.585
22.0248, 52.585
22.0344, 52.585
22.044, 52.5179
22.0537, 52.5179
22.0633, 52.4509
22.0729, 52.4509
22.0826, 52.4509
22.0922, 52.3838
22.1018, 52.3838
22.1115, 52.3168
22.1211, 52.3168
22.1308, 52.3168
22.1404, 52.2497
22.15, 52.2497
22.1597, 52.1826
22.1693, 52.1827
22.1789, 52.1827
22.1886, 52.1156
22.1982, 52.1156
22.2079, 52.1156
22.2175, 52.0485
22.2271, 52.0486
22.2368, 51.9815
22.2464, 51.9815
22.256, 51.9815
22.2657, 51.9144
22.2753, 51.9144
22.2849, 51.8474
22.2946, 51.8474
22.3042, 51.8474
22.3139, 51.7803
22.3235, 51.7803
22.3331, 51.7803
22.3428, 51.7133
22.3524, 51.7133
22.362, 51.6461
22.3717, 51.6461
22.3813, 51.6461
22.3909, 51.5791
22.4006, 51.5792
22.4102, 51.5792
22.4199, 51.5121
22.4295, 51.5121
22.4391, 51.445
22.4487, 51.445
22.4584, 51.4451
22.468, 51.378
22.4777, 51.378
22.4873, 51.3109
22.4969, 51.3109
22.5066, 51.3109
22.5162, 51.2439
22.5259, 51.2439
22.5354, 51.2439
22.5451, 51.1768
22.5548, 51.1768
22.5644, 51.1098
22.5741, 51.1098
22.5836, 51.1098
22.5933, 51.0427
22.603, 51.0427
22.6126, 51.0427
22.6221, 50.9757
22.6319, 50.9757
22.6415, 50.9085
22.6511, 50.9085
22.6608, 50.9085
22.6703, 50.8415
22.6801, 50.8415
22.6897, 50.7745
22.6993, 50.7745
22.709, 50.7745
22.7186, 50.7074
22.7282, 50.7074
22.7379, 50.7074
22.7475, 50.6404
22.7572, 50.6404
22.7668, 50.5733
22.7764, 50.5733
22.7861, 50.5733
22.7957, 50.5063
22.8053, 50.5063
22.815, 50.5063
22.8246, 50.4392
22.8342, 50.4392
22.8439, 50.3721
22.8535, 50.3721
22.8632, 50.3721
22.8728, 50.3051
22.8824, 50.3051
22.8921, 50.3051
22.9017, 50.238
22.9113, 50.238
22.921, 50.171
22.9306, 50.171
22.9403, 50.171
22.9499, 50.1039
22.9595, 50.1039
22.9691, 50.1039
22.9788, 50.0369
22.9884, 50.0369
22.9981, 49.9698
23.0077, 49.9698
23.0173, 49.9698
23.027, 49.9028
23.0366, 49.9028
23.0463, 49.9028
23.0559, 49.8357
23.0655, 49.8357
23.0752, 49.8357
23.0848, 49.7687
23.0944, 49.7687
23.1041, 49.7016
23.1137, 49.7016
23.1234, 49.7016
23.133, 49.6345
23.1426, 49.6346
23.1522, 49.6346
23.1619, 49.5675
23.1715, 49.5675
23.1812, 49.5004
23.1908, 49.5004
23.2004, 49.5004
23.2101, 49.4334
23.2197, 49.4334
23.2294, 49.4334
23.2389, 49.3663
23.2486, 49.3663
23.2583, 49.2993
23.2679, 49.2993
23.2775, 49.2993
23.2872, 49.2322
23.2968, 49.2322
23.3065, 49.2322
23.3161, 49.1652
23.3256, 49.1652
23.3354, 49.1652
23.345, 49.0981
23.3546, 49.0981
23.3643, 49.031
23.3739, 49.0311
23.3836, 49.0311
23.3932, 48.964
23.4028, 48.964
23.4125, 48.964
23.4221, 48.8969
23.4317, 48.8969
23.4414, 48.8298
23.451, 48.8298
23.4606, 48.8298
23.4703, 48.7628
23.4799, 48.7628
23.4896, 48.7628
23.4992, 48.6958
23.5088, 48.6958
23.5185, 48.6287
23.5281, 48.6287
23.5377, 48.6287
23.5474, 48.5617
23.557, 48.5617
23.5667, 48.5617
23.5763, 48.4946
23.5859, 48.4946
23.5956, 48.4946
23.6052, 48.4276
23.6148, 48.4276
23.6245, 48.4276
23.6341, 48.3605
23.6437, 48.3605
23.6534, 48.2934
23.663, 48.2934
23.6726, 48.2934
23.6823, 48.2264
23.6919, 48.2264
23.7016, 48.2264
23.7112, 48.1593
23.7208, 48.1593
23.7305, 48.1594
23.7401, 48.0923
23.7498, 48.0923
23.7593, 48.0252
23.769, 48.0252
23.7787, 48.0252
23.7883, 47.9582
23.7979, 47.9582
23.8075, 47.9582
23.8172, 47.8911
23.8268, 47.8911
23.8365, 47.8911
23.846, 47.8241
23.8558, 47.8241
23.8654, 47.8241
23.875, 47.757
23.8847, 47.757
23.8942, 47.69
23.9039, 47.69
23.9136, 47.69
23.9232, 47.6229
23.9329, 47.6229
23.9425, 47.6229
23.9521, 47.5558
23.9618, 47.5558
23.9714, 47.5558
23.9809, 47.4888
23.9907, 47.4888
24.0003, 47.4217
24.01, 47.4217
24.0196, 47.4218
24.0292, 47.3547
24.0389, 47.3547
24.0485, 47.3547
24.0581, 47.2876
24.0678, 47.2876
24.0774, 47.2877
24.087, 47.2206
24.0967, 47.2206
24.1063, 47.2206
24.116, 47.1535
24.1256, 47.1535
24.1352, 47.0865
24.1449, 47.0865
24.1545, 47.0865
24.1641, 47.0194
24.1738, 47.0194
24.1834, 47.0194
24.1931, 46.9524
24.2027, 46.9524
24.2123, 46.9524
24.222, 46.8853
24.2316, 46.8853
24.2412, 46.8853
24.2509, 46.8183
24.2605, 46.8183
24.2701, 46.7511
24.2798, 46.7511
24.2894, 46.7511
24.2991, 46.6841
24.3087, 46.6842
24.3183, 46.6842
24.328, 46.6171
24.3376, 46.6171
24.3473, 46.6171
24.3569, 46.55
24.3665, 46.5501
24.3761, 46.5501
24.3858, 46.483
24.3954, 46.483
24.4051, 46.483
24.4147, 46.4159
24.4243, 46.4159
24.434, 46.416
24.4436, 46.3489
24.4533, 46.3489
24.4628, 46.2818
24.4725, 46.2818
24.4822, 46.2818
24.4918, 46.2147
24.5013, 46.2147
24.511, 46.2147
24.5207, 46.1477
24.5304, 46.1477
24.54, 46.1477
24.5495, 46.0807
24.5593, 46.0807
24.5689, 46.0807
24.5785, 46.0136
24.5882, 46.0136
24.5977, 46.0136
24.6074, 45.9466
24.6171, 45.9466
24.6267, 45.9466
24.6364, 45.8795
24.646, 45.8795
24.6556, 45.8125
24.6653, 45.8125
24.6749, 45.8125
24.6844, 45.7454
24.6942, 45.7454
24.7038, 45.7454
24.7135, 45.6783
24.7231, 45.6784
24.7327, 45.6784
24.7424, 45.6113
24.752, 45.6113
24.7616, 45.6113
24.7713, 45.5442
24.7809, 45.5443
24.7906, 45.5443
24.8002, 45.4772
24.8098, 45.4772
24.8195, 45.4772
24.8291, 45.4101
24.8387, 45.4102
24.8484, 45.3431
24.858, 45.3431
24.8677, 45.3431
24.8773, 45.276
24.8869, 45.276
24.8965, 45.276
24.9062, 45.209
24.9158, 45.209
24.9255, 45.209
24.9351, 45.1419
24.9447, 45.1419
24.9544, 45.1419
24.964, 45.0749
24.9737, 45.0749
24.9832, 45.0749
24.9929, 45.0078
25.0026, 45.0078
25.0122, 45.0078
25.0218, 44.9407
25.0315, 44.9407
25.0411, 44.9407
25.0508, 44.8737
25.0604, 44.8737
25.07, 44.8737
25.0796, 44.8067
25.0893, 44.8067
25.0989, 44.8067
25.1086, 44.7396
25.1182, 44.7396
25.1279, 44.7396
25.1375, 44.6726
25.1471, 44.6726
25.1568, 44.6726
25.1663, 44.6055
25.176, 44.6055
25.1857, 44.6055
25.1953, 44.5385
25.205, 44.5385
25.2146, 44.5385
25.2242, 44.4714
25.2339, 44.4714
25.2435, 44.4714
25.253, 44.4043
25.2628, 44.4043
25.2724, 44.3373
25.282, 44.3373
25.2917, 44.3373
25.3013, 44.2702
25.311, 44.2702
25.3206, 44.2703
25.3302, 44.2032
25.3399, 44.2032
25.3495, 44.2032
25.3591, 44.136
25.3688, 44.136
25.3784, 44.1362
25.3881, 44.0691
25.3977, 44.0691
25.4073, 44.0691
25.417, 44.002
25.4266, 44.002
25.4362, 44.0021
25.4459, 43.935
25.4555, 43.935
25.4652, 43.935
25.4748, 43.8679
25.4844, 43.8679
25.4941, 43.8679
25.5037, 43.8009
25.5133, 43.8009
25.523, 43.8009
25.5326, 43.7338
25.5423, 43.7338
25.5518, 43.7338
25.5615, 43.6667
25.5712, 43.6667
25.5808, 43.6667
25.5904, 43.5997
25.6, 43.5997
25.6097, 43.5997
25.6193, 43.5327
25.629, 43.5327
25.6385, 43.5327
25.6482, 43.4656
25.6579, 43.4656
25.6675, 43.4656
25.6772, 43.3986
25.6867, 43.3986
25.6965, 43.3986
25.7061, 43.3315
25.7157, 43.3315
25.7254, 43.3315
25.7349, 43.2645
25.7446, 43.2645
25.7543, 43.2645
25.7639, 43.1974
25.7734, 43.1974
25.7832, 43.1974
25.7928, 43.1304
25.8025, 43.1304
25.8121, 43.1304
25.8216, 43.0633
25.8314, 43.0633
25.841, 43.0633
25.8506, 42.9963
25.8603, 42.9963
25.8699, 42.9963
25.8796, 42.9292
25.8892, 42.9292
25.8988, 42.9292
25.9085, 42.8622
25.9181, 42.8622
25.9277, 42.8622
25.9374, 42.7951
25.947, 42.7951
25.9567, 42.7951
25.9663, 42.728
25.9759, 42.7281
25.9856, 42.7281
25.9952, 42.661
26.0048, 42.661
26.0145, 42.661
26.0241, 42.5939
26.0338, 42.5939
26.0434, 42.5939
26.053, 42.5269
26.0627, 42.5269
26.0723, 42.5269
26.0819, 42.4598
26.0916, 42.4599
26.1012, 42.4599
26.1108, 42.3928
26.1205, 42.3928
26.1301, 42.3928
26.1398, 42.3256
26.1494, 42.3256
26.159, 42.3258
26.1687, 42.2587
26.1783, 42.2587
26.188, 42.2587
26.1976, 42.2587
26.2072, 42.1916
26.2169, 42.1917
26.2265, 42.1917
26.2361, 42.1246
26.2458, 42.1246
26.2554, 42.1246
26.265, 42.0575
26.2747, 42.0576
26.2843, 42.0576
26.294, 41.9905
26.3035, 41.9905
26.3132, 41.9905
26.3229, 41.9234
26.3325, 41.9234
26.3421, 41.9235
26.3518, 41.8564
26.3614, 41.8564
26.3711, 41.8564
26.3807, 41.7893
26.3902, 41.7893
26.4, 41.7894
26.4096, 41.7223
26.4192, 41.7223
26.4289, 41.7223
26.4385, 41.6552
26.4482, 41.6552
26.4578, 41.6553
26.4674, 41.6553
26.4771, 41.5882
26.4867, 41.5882
26.4963, 41.5882
26.506, 41.5211
26.5156, 41.5211
26.5253, 41.5211
26.5349, 41.4541
26.5445, 41.4541
26.5542, 41.4541
26.5638, 41.387
26.5734, 41.387
26.5831, 41.3871
26.5927, 41.32
26.6024, 41.32
26.612, 41.32
26.6216, 41.2529
26.6313, 41.2529
26.6409, 41.253
26.6505, 41.1859
26.6602, 41.1859
26.6698, 41.1859
26.6794, 41.1188
26.6891, 41.1188
26.6987, 41.1188
26.7084, 41.0518
26.718, 41.0518
26.7276, 41.0518
26.7372, 41.0518
26.7469, 40.9847
26.7566, 40.9847
26.7662, 40.9848
26.7758, 40.9177
26.7854, 40.9177
26.7951, 40.9177
26.8047, 40.8506
26.8144, 40.8506
26.8239, 40.8507
26.8336, 40.7835
26.8433, 40.7835
26.8529, 40.7835
26.8626, 40.7165
26.8721, 40.7165
26.8818, 40.7165
26.8915, 40.6495
26.9011, 40.6495
26.9108, 40.6495
26.9203, 40.5824
26.93, 40.5824
26.9397, 40.5824
26.9493, 40.5154
26.9588, 40.5154
26.9686, 40.5154
26.9782, 40.4483
26.9878, 40.4483
26.9975, 40.4483
27.0071, 40.4484
27.0168, 40.3813
27.0264, 40.3813
27.036, 40.3813
27.0457, 40.3142
27.0553, 40.3142
27.065, 40.3142
27.0746, 40.2472
27.0842, 40.2472
27.0939, 40.2472
27.1035, 40.1801
27.1131, 40.1801
27.1228, 40.1801
27.1324, 40.1131
27.142, 40.1131
27.1517, 40.1131
27.1613, 40.046
27.171, 40.046
27.1806, 40.046
27.1902, 39.979
27.1999, 39.979
27.2095, 39.979
27.2191, 39.979
27.2288, 39.9119
27.2384, 39.9119
27.2481, 39.9119
27.2577, 39.8449
27.2673, 39.8449
27.277, 39.8449
27.2866, 39.7778
27.2962, 39.7778
27.3059, 39.7778
27.3155, 39.7107
27.3252, 39.7107
27.3348, 39.7107
27.3444, 39.7107
27.3541, 39.6437
27.3637, 39.6437
27.3733, 39.6438
27.383, 39.5767
27.3926, 39.5767
27.4022, 39.5767
27.4119, 39.5096
27.4215, 39.5096
27.4312, 39.5097
27.4408, 39.4426
27.4504, 39.4426
27.4601, 39.4426
27.4697, 39.4426
27.4794, 39.3755
27.4889, 39.3755
27.4986, 39.3756
27.5083, 39.3085
27.5179, 39.3085
27.5274, 39.3085
27.5372, 39.2414
27.5468, 39.2414
27.5565, 39.2415
27.5661, 39.1743
27.5756, 39.1743
27.5854, 39.1743
27.595, 39.1743
27.6046, 39.1073
27.6143, 39.1074
27.6239, 39.1074
27.6336, 39.0403
27.6432, 39.0403
27.6528, 39.0403
27.6625, 38.9731
27.6721, 38.9731
27.6817, 38.9733
27.6914, 38.9062
27.701, 38.9062
27.7107, 38.9062
27.7203, 38.9062
27.7299, 38.8391
27.7396, 38.8392
27.7492, 38.8392
27.7588, 38.7721
27.7685, 38.7721
27.7781, 38.7721
27.7877, 38.705
27.7974, 38.705
27.807, 38.705
27.8167, 38.638
27.8263, 38.638
27.8359, 38.638
27.8456, 38.638
27.8552, 38.5709
27.8649, 38.571
27.8745, 38.571
27.8841, 38.5039
27.8938, 38.5039
27.9034, 38.5039
27.913, 38.4368
27.9226, 38.4369
27.9323, 38.4369
27.9419, 38.3698
27.9516, 38.3698
27.9612, 38.3698
27.9708, 38.3698
27.9805, 38.3028
27.9901, 38.3028
27.9998, 38.3028
28.0094, 38.2357
28.0191, 38.2357
28.0287, 38.2357
28.0383, 38.1686
28.048, 38.1687
28.0576, 38.1687
28.0672, 38.1687
28.0769, 38.1016
28.0865, 38.1016
28.0962, 38.1016
28.1058, 38.0346
28.1154, 38.0346
28.1251, 38.0346
28.1347, 37.9675
28.1443, 37.9675
28.154, 37.9675
28.1636, 37.9005
28.1733, 37.9005
28.1829, 37.9005
28.1925, 37.9005
28.2022, 37.8334
28.2118, 37.8334
28.2214, 37.8334
28.2311, 37.7664
28.2407, 37.7664
28.2504, 37.7664
28.26, 37.7664
28.2696, 37.6993
28.2793, 37.6993
28.2889, 37.6993
28.2985, 37.6322
28.3082, 37.6322
28.3178, 37.6322
28.3275, 37.5652
28.3371, 37.5652
28.3467, 37.5652
28.3564, 37.5652
28.366, 37.4982
28.3756, 37.4982
28.3853, 37.4982
28.3949, 37.4311
28.4046, 37.4311
28.4142, 37.4311
28.4238, 37.3641
28.4335, 37.3641
28.4431, 37.3641
28.4527, 37.3641
28.4624, 37.297
28.472, 37.297
28.4817, 37.2971
28.4913, 37.23
28.5009, 37.23
28.5106, 37.23
28.5202, 37.23
28.5298, 37.1629
28.5394, 37.1629
28.5491, 37.163
28.5588, 37.0959
28.5684, 37.0959
28.5779, 37.0959
28.5877, 37.0288
28.5973, 37.0288
28.6069, 37.0289
28.6166, 37.0289
28.6261, 36.9618
28.6359, 36.9618
28.6455, 36.9618
28.6551, 36.8947
28.6648, 36.8948
28.6743, 36.8948
28.684, 36.8948
28.6937, 36.8277
28.7033, 36.8277
28.713, 36.8277
28.7226, 36.7606
28.7322, 36.7607
28.7419, 36.7607
28.7515, 36.6936
28.761, 36.6936
28.7708, 36.6936
28.7804, 36.6936
28.7901, 36.6266
28.7997, 36.6266
28.8093, 36.6266
28.819, 36.5594
28.8286, 36.5594
28.8382, 36.5594
28.8479, 36.5594
28.8575, 36.4925
28.8672, 36.4925
28.8768, 36.4925
28.8864, 36.4254
28.8961, 36.4254
28.9057, 36.4254
28.9153, 36.3584
28.925, 36.3584
28.9346, 36.3584
28.9443, 36.3584
28.9539, 36.2913
28.9635, 36.2913
28.9731, 36.2913
28.9828, 36.2243
28.9924, 36.2243
29.0021, 36.2243
29.0117, 36.2243
29.0214, 36.1572
29.031, 36.1572
29.0406, 36.1572
29.0503, 36.0902
29.0599, 36.0902
29.0695, 36.0902
29.0792, 36.0902
29.0888, 36.0231
29.0985, 36.0231
29.1081, 36.0232
29.1177, 36.0232
29.1274, 35.9561
29.137, 35.9561
29.1467, 35.9561
29.1562, 35.889
29.1659, 35.889
29.1756, 35.8891
29.1852, 35.8891
29.1948, 35.822
29.2045, 35.822
29.2141, 35.822
29.2237, 35.7549
29.2334, 35.755
29.2429, 35.755
29.2527, 35.755
29.2623, 35.6879
29.2719, 35.6879
29.2816, 35.6879
29.2912, 35.6209
29.3009, 35.6209
29.3105, 35.6209
29.3201, 35.6209
29.3298, 35.5537
29.3394, 35.5537
29.349, 35.5537
29.3587, 35.4868
29.3683, 35.4868
29.378, 35.4868
29.3876, 35.4868
29.3972, 35.4197
29.4069, 35.4197
29.4165, 35.4197
29.4261, 35.3527
29.4358, 35.3527
29.4454, 35.3527
29.4551, 35.3527
29.4647, 35.2856
29.4743, 35.2856
29.484, 35.2856
29.4936, 35.2186
29.5032, 35.2186
29.5129, 35.2186
29.5225, 35.2186
29.5322, 35.1515
29.5417, 35.1515
29.5514, 35.1516
29.5611, 35.1516
29.5707, 35.0845
29.5803, 35.0845
29.5899, 35.0845
29.5996, 35.0174
29.6093, 35.0175
29.6189, 35.0175
29.6284, 35.0175
29.6381, 34.9504
29.6478, 34.9504
29.6574, 34.9504
29.6671, 34.9504
29.6766, 34.8834
29.6864, 34.8834
29.696, 34.8834
29.7056, 34.8163
29.7153, 34.8163
29.7248, 34.8163
29.7346, 34.8163
29.7442, 34.7492
29.7538, 34.7492
29.7635, 34.7492
29.7731, 34.7492
29.7827, 34.6822
29.7924, 34.6822
29.802, 34.6822
29.8115, 34.6152
29.8213, 34.6152
29.8309, 34.6152
29.8406, 34.6152
29.8502, 34.5481
29.8598, 34.5481
29.8695, 34.5482
29.8791, 34.5482
29.8888, 34.4811
29.8984, 34.4811
29.908, 34.4811
29.9177, 34.414
29.9273, 34.4141
29.9369, 34.4141
29.9466, 34.4141
29.9562, 34.347
29.9659, 34.347
29.9755, 34.347
29.9851, 34.2799
29.9948, 34.28
29.9948, 34.2129
30.0044, 34.2129
