#DataThief /Users/ahagen/Desktop/sprectrum_varian.png Monday 16-Feb-2015 11:30:31 AM
0.0000,0.0000
8.606e-4, 0.1195
8.7143e-4, 0.12
8.8225e-4, 0.1205
8.9308e-4, 0.1211
9.039e-4, 0.1216
9.1473e-4, 0.1222
9.2555e-4, 0.1227
9.3638e-4, 0.1233
9.472e-4, 0.1238
9.5803e-4, 0.1244
9.6885e-4, 0.1249
9.7968e-4, 0.1254
9.905e-4, 0.126
1.0013e-3, 0.1265
1.0122e-3, 0.1271
1.023e-3, 0.1276
1.0338e-3, 0.1282
1.0446e-3, 0.1287
1.0555e-3, 0.1293
1.0663e-3, 0.1298
1.0771e-3, 0.1303
1.0879e-3, 0.1309
1.0988e-3, 0.1314
1.1096e-3, 0.132
1.1204e-3, 0.1325
1.1312e-3, 0.1331
1.1421e-3, 0.1336
1.1529e-3, 0.1341
1.1637e-3, 0.1347
1.1745e-3, 0.1352
1.1854e-3, 0.1358
1.1962e-3, 0.1363
1.207e-3, 0.1369
1.2178e-3, 0.1374
1.2287e-3, 0.138
1.2395e-3, 0.1385
1.2503e-3, 0.139
1.2611e-3, 0.1396
4.303e-3, 0.1401
4.3138e-3, 0.1407
4.3247e-3, 0.1412
4.3355e-3, 0.1418
4.3463e-3, 0.1423
4.3571e-3, 0.1429
4.368e-3, 0.1434
4.3788e-3, 0.1439
4.3896e-3, 0.1445
4.4004e-3, 0.145
4.4113e-3, 0.1456
4.4221e-3, 0.1461
4.4329e-3, 0.1467
4.4437e-3, 0.1472
4.4546e-3, 0.1478
4.4654e-3, 0.1482
4.4762e-3, 0.1488
4.487e-3, 0.1494
4.4979e-3, 0.1499
4.5087e-3, 0.1505
4.5195e-3, 0.151
4.5303e-3, 0.1516
4.5412e-3, 0.1521
4.552e-3, 0.1527
4.5628e-3, 0.1532
4.5736e-3, 0.1537
4.5845e-3, 0.1543
4.5953e-3, 0.1548
4.6061e-3, 0.1554
4.6169e-3, 0.1559
4.6278e-3, 0.1565
4.6386e-3, 0.157
4.6494e-3, 0.1575
4.6602e-3, 0.1581
4.6711e-3, 0.1586
4.6819e-3, 0.1592
4.6927e-3, 0.1597
4.7035e-3, 0.1602
7.7454e-3, 0.1608
7.7562e-3, 0.1614
7.7671e-3, 0.1619
7.7779e-3, 0.1623
7.7887e-3, 0.163
7.7995e-3, 0.1635
7.8104e-3, 0.1641
7.8212e-3, 0.1646
7.832e-3, 0.1652
7.8428e-3, 0.1657
7.8537e-3, 0.1663
7.8645e-3, 0.1668
7.8753e-3, 0.1673
7.8861e-3, 0.1679
7.897e-3, 0.1684
7.9078e-3, 0.169
7.9186e-3, 0.1695
7.9294e-3, 0.1701
7.9403e-3, 0.1706
7.9511e-3, 0.1712
7.9619e-3, 0.1717
7.9727e-3, 0.1722
7.9836e-3, 0.1728
7.9944e-3, 0.1733
8.0052e-3, 0.1739
8.016e-3, 0.1743
8.0269e-3, 0.175
8.0377e-3, 0.1755
8.0485e-3, 0.1761
8.0593e-3, 0.1766
8.0702e-3, 0.1771
8.081e-3, 0.1777
8.0918e-3, 0.1782
8.1026e-3, 0.1788
8.1135e-3, 0.1793
8.1243e-3, 0.1799
8.1351e-3, 0.1804
8.1459e-3, 0.1809
0.0112, 0.1815
0.0112, 0.182
0.0112, 0.1826
0.0112, 0.1831
0.0112, 0.1837
0.0112, 0.1842
0.0113, 0.1848
0.0113, 0.1853
0.0113, 0.1858
0.0113, 0.1864
0.0113, 0.1869
0.0113, 0.1875
0.0113, 0.188
0.0113, 0.1886
0.0113, 0.1891
0.0114, 0.1897
0.0114, 0.1902
0.0114, 0.1907
0.0114, 0.1913
0.0114, 0.1918
0.0114, 0.1924
0.0114, 0.1929
0.0114, 0.1935
0.0114, 0.194
0.0114, 0.1945
0.0115, 0.1951
0.0115, 0.1956
0.0115, 0.1962
0.0115, 0.1967
0.0115, 0.1973
0.0115, 0.1978
0.0115, 0.1984
0.0115, 0.1989
0.0115, 0.1995
0.0116, 0.2
0.0116, 0.2005
0.0116, 0.2011
0.0116, 0.2016
0.0146, 0.2022
0.0146, 0.2027
0.0147, 0.2033
0.0147, 0.2038
0.0147, 0.2043
0.0147, 0.2049
0.0147, 0.2054
0.0147, 0.206
0.0147, 0.2065
0.0147, 0.2071
0.0147, 0.2076
0.0147, 0.2082
0.0148, 0.2086
0.0148, 0.2092
0.0148, 0.2098
0.0148, 0.2103
0.0148, 0.2109
0.0148, 0.2114
0.0148, 0.212
0.0148, 0.2125
0.0148, 0.2131
0.0149, 0.2136
0.0149, 0.2141
0.0149, 0.2147
0.0149, 0.2152
0.0149, 0.2158
0.0149, 0.2163
0.0149, 0.2169
0.0149, 0.2174
0.0149, 0.218
0.015, 0.2185
0.015, 0.219
0.015, 0.2196
0.015, 0.2201
0.015, 0.2207
0.015, 0.2212
0.015, 0.2218
0.015, 0.2223
0.015, 0.2229
0.0151, 0.2234
0.0151, 0.2239
0.0151, 0.2245
0.0151, 0.225
0.0151, 0.2256
0.0151, 0.2261
0.0151, 0.2267
0.0151, 0.2272
0.0151, 0.2278
0.0151, 0.2283
0.0152, 0.2288
0.0152, 0.2294
0.0152, 0.2299
0.0152, 0.2305
0.0152, 0.231
0.0152, 0.2316
0.0152, 0.2321
0.0152, 0.2326
0.0152, 0.2332
0.0153, 0.2337
0.0183, 0.2343
0.0183, 0.2348
0.0183, 0.2354
0.0183, 0.2359
0.0183, 0.2365
0.0184, 0.237
0.0184, 0.2375
0.0184, 0.2381
0.0184, 0.2386
0.0184, 0.2392
0.0184, 0.2397
0.0184, 0.2403
0.0184, 0.2408
0.0184, 0.2414
0.0185, 0.2419
0.0185, 0.2424
0.0185, 0.2429
0.0185, 0.2435
0.0185, 0.2441
0.0185, 0.2446
0.0185, 0.2452
0.0185, 0.2457
0.0185, 0.2463
0.0185, 0.2468
0.0186, 0.2473
0.0186, 0.2479
0.0186, 0.2484
0.0186, 0.249
0.0186, 0.2495
0.0186, 0.2501
0.0186, 0.2506
0.0186, 0.2511
0.0186, 0.2517
0.0187, 0.2522
0.0187, 0.2528
0.0187, 0.2533
0.0187, 0.2539
0.0187, 0.2544
0.0217, 0.255
0.0218, 0.2555
0.0218, 0.256
0.0218, 0.2566
0.0218, 0.257
0.0218, 0.2577
0.0218, 0.2582
0.0218, 0.2588
0.0218, 0.2593
0.0218, 0.2599
0.0219, 0.2604
0.0219, 0.2609
0.0219, 0.2615
0.0219, 0.262
0.0219, 0.2626
0.0219, 0.2631
0.0219, 0.2637
0.0219, 0.2642
0.0219, 0.2648
0.0219, 0.2652
0.022, 0.2658
0.022, 0.2664
0.022, 0.2669
0.022, 0.2675
0.022, 0.268
0.022, 0.2686
0.022, 0.2691
0.022, 0.2697
0.022, 0.2702
0.0221, 0.2707
0.0221, 0.2713
0.0221, 0.2718
0.0221, 0.2724
0.0221, 0.2729
0.0221, 0.2735
0.0221, 0.274
0.0221, 0.2746
0.0221, 0.2751
0.0252, 0.2756
0.0252, 0.2762
0.0252, 0.2767
0.0252, 0.2772
0.0252, 0.2778
0.0252, 0.2784
0.0252, 0.2789
0.0253, 0.2793
0.0253, 0.28
0.0253, 0.2805
0.0253, 0.2811
0.0253, 0.2816
0.0253, 0.2822
0.0253, 0.2827
0.0253, 0.2833
0.0253, 0.2838
0.0254, 0.2843
0.0254, 0.2849
0.0254, 0.2854
0.0254, 0.286
0.0254, 0.2865
0.0254, 0.2871
0.0254, 0.2876
0.0254, 0.2882
0.0254, 0.2887
0.0255, 0.2892
0.0255, 0.2898
0.0255, 0.2903
0.0255, 0.2909
0.0255, 0.2913
0.0255, 0.292
0.0255, 0.2925
0.0255, 0.2931
0.0255, 0.2936
0.0256, 0.2941
0.0256, 0.2947
0.0256, 0.2952
0.0256, 0.2958
0.0286, 0.2963
0.0286, 0.2969
0.0286, 0.2974
0.0287, 0.298
0.0287, 0.2985
0.0287, 0.299
0.0287, 0.2995
0.0287, 0.3001
0.0287, 0.3007
0.0287, 0.3012
0.0287, 0.3018
0.0287, 0.3023
0.0288, 0.3028
0.0288, 0.3034
0.0288, 0.3039
0.0288, 0.3045
0.0288, 0.305
0.0288, 0.3056
0.0288, 0.3061
0.0288, 0.3067
0.0288, 0.3072
0.0289, 0.3077
0.0289, 0.3083
0.0289, 0.3088
0.0289, 0.3094
0.0289, 0.3099
0.0289, 0.3105
0.0289, 0.311
0.0289, 0.3115
0.0289, 0.3121
0.029, 0.3126
0.029, 0.3132
0.029, 0.3136
0.029, 0.3143
0.029, 0.3148
0.029, 0.3154
0.029, 0.3159
0.029, 0.3165
0.0321, 0.317
0.0321, 0.3175
0.0321, 0.3181
0.0321, 0.3186
0.0321, 0.3192
0.0321, 0.3197
0.0321, 0.3203
0.0321, 0.3208
0.0322, 0.3214
0.0322, 0.3219
0.0322, 0.3224
0.0322, 0.323
0.0322, 0.3235
0.0322, 0.3241
0.0322, 0.3246
0.0322, 0.3252
0.0322, 0.3256
0.0323, 0.3262
0.0323, 0.3268
0.0323, 0.3273
0.0323, 0.3279
0.0323, 0.3284
0.0323, 0.329
0.0323, 0.3295
0.0323, 0.3301
0.0323, 0.3306
0.0324, 0.3311
0.0324, 0.3317
0.0324, 0.3322
0.0324, 0.3328
0.0324, 0.3333
0.0324, 0.3338
0.0324, 0.3344
0.0324, 0.335
0.0324, 0.3355
0.0324, 0.336
0.0325, 0.3366
0.0325, 0.3371
0.0355, 0.3377
0.0355, 0.3382
0.0355, 0.3388
0.0355, 0.3393
0.0356, 0.3399
0.0356, 0.3404
0.0356, 0.3409
0.0356, 0.3415
0.0356, 0.342
0.0356, 0.3426
0.0356, 0.3431
0.0356, 0.3437
0.0356, 0.3442
0.0357, 0.3448
0.0357, 0.3453
0.0357, 0.3458
0.0357, 0.3464
0.0357, 0.3469
0.0357, 0.3475
0.0357, 0.3479
0.0357, 0.3486
0.0357, 0.3491
0.0358, 0.3496
0.0358, 0.3502
0.0358, 0.3507
0.0358, 0.3513
0.0358, 0.3518
0.0358, 0.3524
0.0358, 0.3529
0.0358, 0.3535
0.0358, 0.354
0.0358, 0.3545
0.0359, 0.3551
0.0359, 0.3556
0.0359, 0.3562
0.0359, 0.3567
0.0359, 0.3573
0.0359, 0.3578
0.039, 0.3584
0.039, 0.3589
0.039, 0.3594
0.039, 0.3599
0.039, 0.3605
0.039, 0.3611
0.039, 0.3616
0.039, 0.3622
0.039, 0.3627
0.0391, 0.3633
0.0391, 0.3638
0.0391, 0.3643
0.0391, 0.3649
0.0391, 0.3654
0.0391, 0.366
0.0391, 0.3665
0.0391, 0.3671
0.0391, 0.3676
0.0391, 0.3682
0.0392, 0.3687
0.0392, 0.3692
0.0392, 0.3698
0.0392, 0.3703
0.0392, 0.3709
0.0392, 0.3714
0.0392, 0.3719
0.0392, 0.3725
0.0392, 0.373
0.0393, 0.3736
0.0393, 0.374
0.0393, 0.3747
0.0393, 0.3752
0.0393, 0.3758
0.0393, 0.3763
0.0393, 0.3769
0.0393, 0.3774
0.0393, 0.3779
0.0394, 0.3785
0.0424, 0.379
0.0424, 0.3796
0.0424, 0.3801
0.0424, 0.3807
0.0424, 0.3812
0.0425, 0.3818
0.0425, 0.3822
0.0425, 0.3828
0.0425, 0.3834
0.0425, 0.3839
0.0425, 0.3845
0.0425, 0.385
0.0425, 0.3856
0.0425, 0.386
0.0425, 0.3867
0.0426, 0.3872
0.0426, 0.3877
0.0426, 0.3883
0.0426, 0.3888
0.0426, 0.3894
0.0426, 0.3899
0.0426, 0.3905
0.0426, 0.391
0.0426, 0.3916
0.0427, 0.3921
0.0427, 0.3926
0.0427, 0.3932
0.0427, 0.3937
0.0427, 0.3942
0.0427, 0.3948
0.0427, 0.3954
0.0427, 0.3959
0.0427, 0.3963
0.0428, 0.397
0.0428, 0.3975
0.0428, 0.3981
0.0428, 0.3986
0.0428, 0.3992
0.0428, 0.3997
0.0459, 0.4003
0.0459, 0.4008
0.0459, 0.4013
0.0459, 0.4019
0.0459, 0.4024
0.0459, 0.403
0.0459, 0.4035
0.0459, 0.4041
0.0459, 0.4046
0.0459, 0.4052
0.046, 0.4057
0.046, 0.4062
0.046, 0.4068
0.046, 0.4073
0.046, 0.4079
0.046, 0.4083
0.046, 0.409
0.046, 0.4095
0.046, 0.4101
0.0461, 0.4106
0.0461, 0.4111
0.0461, 0.4117
0.0461, 0.4122
0.0461, 0.4128
0.0461, 0.4133
0.0461, 0.4139
0.0461, 0.4144
0.0461, 0.415
0.0462, 0.4155
0.0462, 0.416
0.0462, 0.4166
0.0462, 0.4171
0.0462, 0.4177
0.0462, 0.4182
0.0462, 0.4188
0.0462, 0.4193
0.0462, 0.4198
0.0463, 0.4203
0.0493, 0.4209
0.0493, 0.4215
0.0493, 0.422
0.0493, 0.4226
0.0493, 0.4231
0.0493, 0.4237
0.0493, 0.4242
0.0493, 0.4247
0.0493, 0.4253
0.0493, 0.4258
0.0493, 0.4264
0.0493, 0.4269
0.0493, 0.4275
0.0493, 0.428
0.0493, 0.4285
0.0495, 0.4291
0.0495, 0.4296
0.0495, 0.4302
0.0495, 0.4307
0.0495, 0.4313
0.0495, 0.4318
0.0495, 0.4324
0.0495, 0.4329
0.0495, 0.4335
0.0496, 0.434
0.0496, 0.4344
0.0496, 0.4351
0.0496, 0.4356
0.0496, 0.4362
0.0496, 0.4367
0.0496, 0.4373
0.0496, 0.4378
0.0496, 0.4384
0.0496, 0.4389
0.0497, 0.4394
0.0497, 0.44
0.0497, 0.4405
0.0497, 0.4411
0.0527, 0.4416
0.0527, 0.4422
0.0528, 0.4426
0.0528, 0.4432
0.0528, 0.4438
0.0528, 0.4443
0.0528, 0.4449
0.0528, 0.4454
0.0528, 0.446
0.0528, 0.4465
0.0528, 0.4471
0.0529, 0.4476
0.0529, 0.4481
0.0529, 0.4487
0.0529, 0.4492
0.0529, 0.4498
0.0529, 0.4503
0.0529, 0.4509
0.0529, 0.4514
0.0529, 0.452
0.053, 0.4525
0.053, 0.453
0.053, 0.4536
0.053, 0.4541
0.053, 0.4546
0.053, 0.4552
0.053, 0.4558
0.053, 0.4563
0.053, 0.4569
0.053, 0.4574
0.0531, 0.4579
0.0531, 0.4585
0.0531, 0.459
0.0531, 0.4596
0.0531, 0.4601
0.0531, 0.4607
0.0531, 0.4612
0.0531, 0.4618
0.0562, 0.4623
0.0562, 0.4628
0.0562, 0.4634
0.0562, 0.4639
0.0562, 0.4645
0.0562, 0.465
0.0562, 0.4656
0.0563, 0.4661
0.0563, 0.4666
0.0563, 0.4672
0.0563, 0.4677
0.0563, 0.4683
0.0563, 0.4687
0.0563, 0.4694
0.0563, 0.4699
0.0563, 0.4705
0.0564, 0.471
0.0564, 0.4715
0.0564, 0.4721
0.0564, 0.4726
0.0564, 0.4732
0.0564, 0.4737
0.0564, 0.4743
0.0564, 0.4748
0.0564, 0.4754
0.0564, 0.4759
0.0565, 0.4764
0.0565, 0.4769
0.0565, 0.4775
0.0565, 0.4781
0.0565, 0.4786
0.0565, 0.4792
0.0565, 0.4797
0.0565, 0.4803
0.0565, 0.4808
0.0566, 0.4813
0.0566, 0.4819
0.0566, 0.4824
0.0596, 0.483
0.0596, 0.4835
0.0596, 0.4841
0.0597, 0.4846
0.0597, 0.4852
0.0597, 0.4857
0.0597, 0.4862
0.0597, 0.4868
0.0597, 0.4873
0.0597, 0.4879
0.0597, 0.4884
0.0597, 0.4889
0.0597, 0.4895
0.0598, 0.49
0.0598, 0.4906
0.0598, 0.491
0.0598, 0.4917
0.0598, 0.4922
0.0598, 0.4928
0.0598, 0.4933
0.0598, 0.4939
0.0598, 0.4944
0.0599, 0.4949
0.0599, 0.4955
0.0599, 0.496
0.0599, 0.4966
0.0599, 0.4971
0.0599, 0.4977
0.0599, 0.4982
0.0599, 0.4988
0.0599, 0.4993
0.06, 0.4998
0.06, 0.5004
0.06, 0.5009
0.06, 0.5015
0.06, 0.502
0.06, 0.5026
0.06, 0.503
0.0631, 0.5037
0.0631, 0.5042
0.0631, 0.5047
0.0631, 0.5053
0.0631, 0.5058
0.0631, 0.5064
0.0631, 0.5069
0.0631, 0.5074
0.0631, 0.508
0.0632, 0.5086
0.0632, 0.5091
0.0632, 0.5096
0.0632, 0.5102
0.0632, 0.5107
0.0632, 0.5112
0.0632, 0.5118
0.0632, 0.5124
0.0632, 0.5129
0.0633, 0.5133
0.0633, 0.514
0.0633, 0.5145
0.0633, 0.5151
0.0633, 0.5156
0.0633, 0.5162
0.0633, 0.5167
0.0633, 0.5173
0.0633, 0.5178
0.0634, 0.5183
0.0634, 0.5189
0.0634, 0.5194
0.0634, 0.52
0.0634, 0.5205
0.0634, 0.5211
0.0634, 0.5215
0.0634, 0.5222
0.0634, 0.5227
0.0635, 0.5232
0.0635, 0.5238
0.0665, 0.5243
0.0665, 0.5249
0.0665, 0.5253
0.0665, 0.526
0.0665, 0.5265
0.0666, 0.5271
0.0666, 0.5276
0.0666, 0.5281
0.0666, 0.5287
0.0666, 0.5292
0.0666, 0.5298
0.0666, 0.5303
0.0666, 0.5309
0.0666, 0.5314
0.0667, 0.532
0.0667, 0.5325
0.0667, 0.533
0.0667, 0.5335
0.0667, 0.5341
0.0667, 0.5347
0.0667, 0.5352
0.0667, 0.5358
0.0667, 0.5363
0.0668, 0.5368
0.0668, 0.5373
0.0668, 0.5379
0.0668, 0.5385
0.0668, 0.539
0.0668, 0.5396
0.0668, 0.5401
0.0668, 0.5407
0.0668, 0.5412
0.0669, 0.5417
0.0669, 0.5423
0.0669, 0.5428
0.0669, 0.5434
0.0669, 0.5439
0.0669, 0.5445
0.0699, 0.545
0.07, 0.5455
0.07, 0.5461
0.07, 0.5466
0.07, 0.5472
0.07, 0.5476
0.07, 0.5483
0.07, 0.5488
0.07, 0.5493
0.07, 0.5499
0.0701, 0.5505
0.0701, 0.551
0.0701, 0.5514
0.0701, 0.5521
0.0701, 0.5526
0.0701, 0.5532
0.0701, 0.5537
0.0701, 0.5543
0.0701, 0.5548
0.0702, 0.5554
0.0702, 0.5558
0.0702, 0.5564
0.0702, 0.557
0.0702, 0.5575
0.0702, 0.5581
0.0702, 0.5586
0.0702, 0.5592
0.0702, 0.5596
0.0702, 0.5602
0.0703, 0.5608
0.0703, 0.5613
0.0703, 0.5619
0.0703, 0.5624
0.0703, 0.563
0.0703, 0.5635
0.0703, 0.5641
0.0703, 0.5646
0.0703, 0.5651
0.0704, 0.5657
0.0734, 0.5662
0.0734, 0.5668
0.0734, 0.5673
0.0734, 0.5678
0.0734, 0.5684
0.0735, 0.569
0.0735, 0.5695
0.0735, 0.5699
0.0735, 0.5706
0.0735, 0.5711
0.0735, 0.5716
0.0735, 0.5722
0.0735, 0.5728
0.0735, 0.5733
0.0735, 0.5739
0.0735, 0.5744
0.0735, 0.5749
0.0735, 0.5755
0.0735, 0.576
0.0735, 0.5766
0.0735, 0.5771
0.0735, 0.5777
0.0735, 0.5782
0.0735, 0.5788
0.0737, 0.5793
0.0737, 0.5798
0.0737, 0.5804
0.0737, 0.5809
0.0737, 0.5815
0.0737, 0.5819
0.0737, 0.5826
0.0737, 0.5831
0.0737, 0.5836
0.0738, 0.5842
0.0738, 0.5847
0.0738, 0.5853
0.0738, 0.5857
0.0738, 0.5864
0.0768, 0.5869
0.0769, 0.5875
0.0769, 0.588
0.0769, 0.5885
0.0769, 0.5891
0.0769, 0.5896
0.0769, 0.5901
0.0769, 0.5907
0.0769, 0.5913
0.0769, 0.5918
0.077, 0.5924
0.077, 0.5929
0.077, 0.5934
0.077, 0.5939
0.077, 0.5945
0.077, 0.5951
0.077, 0.5956
0.077, 0.5962
0.077, 0.5967
0.077, 0.5973
0.0771, 0.5977
0.0771, 0.5983
0.0771, 0.5989
0.0771, 0.5994
0.0771, 0.6
0.0771, 0.6005
0.0771, 0.6011
0.0771, 0.6016
0.0771, 0.6021
0.0772, 0.6027
0.0772, 0.6032
0.0772, 0.6038
0.0772, 0.6042
0.0772, 0.6049
0.0772, 0.6054
0.0772, 0.6059
0.0772, 0.6065
0.0772, 0.6071
0.0803, 0.6076
0.0803, 0.608
0.0803, 0.6087
0.0803, 0.6092
0.0803, 0.6098
0.0803, 0.6103
0.0803, 0.6109
0.0804, 0.6114
0.0804, 0.6118
0.0804, 0.6125
0.0804, 0.613
0.0804, 0.6136
0.0804, 0.6141
0.0804, 0.6147
0.0804, 0.6152
0.0804, 0.6158
0.0805, 0.6162
0.0805, 0.6168
0.0805, 0.6174
0.0805, 0.6179
0.0805, 0.6185
0.0805, 0.619
0.0805, 0.6196
0.0805, 0.62
0.0805, 0.6207
0.0806, 0.6212
0.0806, 0.6217
0.0806, 0.6223
0.0806, 0.6228
0.0806, 0.6234
0.0806, 0.6239
0.0806, 0.6245
0.0806, 0.625
0.0806, 0.6256
0.0807, 0.6261
0.0807, 0.6266
0.0807, 0.6272
0.0807, 0.6277
0.0836, 0.6282
0.0836, 0.6288
0.0836, 0.6294
0.0838, 0.6299
0.0838, 0.6303
0.0838, 0.631
0.0838, 0.6315
0.0838, 0.632
0.0838, 0.6326
0.0838, 0.6332
0.0838, 0.6337
0.0838, 0.6343
0.0839, 0.6348
0.0839, 0.6353
0.0839, 0.6359
0.0839, 0.6364
0.0839, 0.637
0.0839, 0.6375
0.0839, 0.6381
0.0839, 0.6385
0.0839, 0.6392
0.084, 0.6397
0.084, 0.6402
0.084, 0.6408
0.084, 0.6413
0.084, 0.6419
0.084, 0.6423
0.084, 0.643
0.084, 0.6435
0.084, 0.6441
0.0841, 0.6446
0.0841, 0.6451
0.0841, 0.6457
0.0841, 0.6461
0.0841, 0.6468
0.0841, 0.6473
0.0841, 0.6479
0.0841, 0.6484
0.0872, 0.649
0.0872, 0.6495
0.0872, 0.65
0.0872, 0.6505
0.0872, 0.6511
0.0872, 0.6517
0.0872, 0.6522
0.0872, 0.6528
0.0873, 0.6533
0.0873, 0.6538
0.0873, 0.6543
0.0873, 0.6549
0.0873, 0.6555
0.0873, 0.656
0.0873, 0.6566
0.0873, 0.6571
0.0873, 0.6577
0.0874, 0.6582
0.0874, 0.6587
0.0874, 0.6593
0.0874, 0.6598
0.0874, 0.6604
0.0874, 0.6609
0.0874, 0.6615
0.0874, 0.662
0.0874, 0.6625
0.0875, 0.6631
0.0875, 0.6636
0.0875, 0.6642
0.0875, 0.6646
0.0875, 0.6653
0.0875, 0.6658
0.0875, 0.6663
0.0875, 0.6669
0.0875, 0.6675
0.0875, 0.668
0.0876, 0.6684
0.0876, 0.6691
0.0906, 0.6696
0.0906, 0.6702
0.0906, 0.6707
0.0906, 0.6713
0.0907, 0.6718
0.0907, 0.6724
0.0907, 0.6729
0.0907, 0.6734
0.0907, 0.674
0.0907, 0.6745
0.0907, 0.6751
0.0907, 0.6756
0.0907, 0.6762
0.0908, 0.6766
0.0908, 0.6773
0.0908, 0.6778
0.0908, 0.6783
0.0908, 0.6789
0.0908, 0.6794
0.0908, 0.68
0.0908, 0.6804
0.0908, 0.6811
0.0909, 0.6816
0.0909, 0.6821
0.0909, 0.6827
0.0909, 0.6832
0.0909, 0.6838
0.0909, 0.6843
0.0909, 0.6848
0.0909, 0.6854
0.0909, 0.686
0.0909, 0.6865
0.091, 0.687
0.091, 0.6876
0.091, 0.6881
0.091, 0.6886
0.091, 0.6892
0.091, 0.6898
0.0941, 0.6903
0.0941, 0.6909
0.0941, 0.6914
0.0941, 0.6919
0.0941, 0.6925
0.0941, 0.693
0.0941, 0.6936
0.0941, 0.6941
0.0941, 0.6947
0.0942, 0.6952
0.0942, 0.6958
0.0942, 0.6963
0.0942, 0.6968
0.0942, 0.6974
0.0942, 0.6979
0.0942, 0.6985
0.0942, 0.6989
0.0942, 0.6996
0.0942, 0.7001
0.0943, 0.7006
0.0943, 0.7012
0.0943, 0.7017
0.0943, 0.7023
0.0943, 0.7027
0.0943, 0.7034
0.0943, 0.7039
0.0943, 0.7045
0.0943, 0.705
0.0944, 0.7055
0.0944, 0.7061
0.0944, 0.7066
0.0944, 0.7072
0.0944, 0.7077
0.0944, 0.7083
0.0944, 0.7088
0.0944, 0.7094
0.0944, 0.7099
0.0945, 0.7104
0.0975, 0.7109
0.0975, 0.7115
0.0975, 0.7121
0.0975, 0.7126
0.0975, 0.7132
0.0976, 0.7137
0.0976, 0.7143
0.0976, 0.7147
0.0976, 0.7153
0.0976, 0.7159
0.0976, 0.7164
0.0976, 0.717
0.0976, 0.7175
0.0976, 0.7181
0.0976, 0.7186
0.0977, 0.7191
0.0977, 0.7197
0.0977, 0.7202
0.0977, 0.7208
0.0977, 0.7213
0.0977, 0.7219
0.0977, 0.7224
0.0977, 0.7229
0.0977, 0.7235
0.0977, 0.7241
0.0977, 0.7246
0.0977, 0.725
0.0977, 0.7257
0.0977, 0.7262
0.0977, 0.7268
0.0977, 0.7273
0.0977, 0.7279
0.0977, 0.7284
0.0979, 0.7288
0.0979, 0.7295
0.0979, 0.73
0.0979, 0.7306
0.0979, 0.7311
0.1009, 0.7317
0.101, 0.7322
0.101, 0.7328
0.101, 0.7332
0.101, 0.7338
0.101, 0.7344
0.101, 0.7349
0.101, 0.7355
0.101, 0.736
0.101, 0.7366
0.101, 0.737
0.1011, 0.7377
0.1011, 0.7382
0.1011, 0.7387
0.1011, 0.7393
0.1011, 0.7398
0.1011, 0.7404
0.1011, 0.7409
0.1011, 0.7415
0.1011, 0.742
0.1012, 0.7426
0.1012, 0.7431
0.1012, 0.7436
0.1012, 0.7442
0.1012, 0.7447
0.1012, 0.7452
0.1012, 0.7458
0.1012, 0.7464
0.1012, 0.7469
0.1013, 0.7475
0.1013, 0.748
0.1013, 0.7485
0.1013, 0.749
0.1013, 0.7496
0.1013, 0.7502
0.1013, 0.7507
0.1013, 0.7513
0.1013, 0.7518
0.1014, 0.7523
0.1044, 0.7529
0.1044, 0.7534
0.1044, 0.754
0.1044, 0.7545
0.1044, 0.7551
0.1044, 0.7556
0.1045, 0.7562
0.1045, 0.7567
0.1045, 0.7572
0.1045, 0.7578
0.1045, 0.7583
0.1045, 0.7589
0.1045, 0.7593
0.1045, 0.76
0.1045, 0.7605
0.1046, 0.761
0.1046, 0.7616
0.1046, 0.7621
0.1046, 0.7627
0.1046, 0.7631
0.1046, 0.7638
0.1046, 0.7643
0.1046, 0.7649
0.1046, 0.7654
0.1047, 0.766
0.1047, 0.7665
0.1047, 0.767
0.1047, 0.7675
0.1047, 0.7681
0.1047, 0.7687
0.1047, 0.7692
0.1047, 0.7698
0.1047, 0.7703
0.1047, 0.7709
0.1048, 0.7713
0.1048, 0.7719
0.1048, 0.7725
0.1048, 0.773
0.1078, 0.7736
0.1078, 0.7741
0.1078, 0.7747
0.1078, 0.7752
0.1078, 0.7757
0.1078, 0.7763
0.1078, 0.7768
0.1078, 0.7774
0.1078, 0.7779
0.1078, 0.7785
0.1078, 0.779
0.108, 0.7795
0.108, 0.7801
0.108, 0.7806
0.108, 0.7812
0.108, 0.7816
0.108, 0.7823
0.108, 0.7828
0.108, 0.7833
0.108, 0.7839
0.1081, 0.7845
0.1081, 0.785
0.1081, 0.7854
0.1081, 0.7861
0.1081, 0.7866
0.1081, 0.7872
0.1081, 0.7877
0.1081, 0.7883
0.1081, 0.7888
0.1081, 0.7894
0.1082, 0.7899
0.1082, 0.7904
0.1082, 0.791
0.1082, 0.7915
0.1082, 0.7921
0.1082, 0.7926
0.1082, 0.7932
0.1082, 0.7936
0.1113, 0.7943
0.1113, 0.7948
0.1113, 0.7953
0.1113, 0.7959
0.1113, 0.7964
0.1113, 0.797
0.1113, 0.7974
0.1114, 0.7981
0.1114, 0.7986
0.1114, 0.7991
0.1114, 0.7997
0.1114, 0.8002
0.1114, 0.8008
0.1114, 0.8013
0.1114, 0.8018
0.1114, 0.8024
0.1115, 0.803
0.1115, 0.8035
0.1115, 0.804
0.1115, 0.8046
0.1115, 0.8051
0.1115, 0.8056
0.1115, 0.8062
0.1115, 0.8068
0.1115, 0.8073
0.1115, 0.8079
0.1116, 0.8084
0.1116, 0.8089
0.1116, 0.8094
0.1116, 0.81
0.1116, 0.8106
0.1116, 0.8111
0.1116, 0.8117
0.1116, 0.8122
0.1116, 0.8128
0.1117, 0.8133
0.1117, 0.8138
0.1117, 0.8144
0.1147, 0.8149
0.1147, 0.8155
0.1147, 0.8159
0.1148, 0.8166
0.1148, 0.8171
0.1148, 0.8176
0.1148, 0.8182
0.1148, 0.8187
0.1148, 0.8193
0.1148, 0.8197
0.1148, 0.8204
0.1148, 0.8209
0.1148, 0.8215
0.1149, 0.822
0.1149, 0.8225
0.1149, 0.8231
0.1149, 0.8235
0.1149, 0.8242
0.1149, 0.8247
0.1149, 0.8253
0.1149, 0.8258
0.1149, 0.8264
0.115, 0.8269
0.115, 0.8274
0.115, 0.8279
0.115, 0.8285
0.115, 0.8291
0.115, 0.8296
0.115, 0.8302
0.115, 0.8307
0.115, 0.8313
0.1151, 0.8317
0.1151, 0.8323
0.1181, 0.8329
0.1181, 0.8334
0.1181, 0.834
0.1181, 0.8345
0.1182, 0.8351
0.1182, 0.8356
0.1182, 0.8362
0.1182, 0.8367
0.1182, 0.8372
0.1182, 0.8378
0.1182, 0.8383
0.1182, 0.8389
0.1182, 0.8394
0.1182, 0.8399
0.1183, 0.8405
0.1183, 0.8411
0.1183, 0.8416
0.1183, 0.842
0.1183, 0.8427
0.1213, 0.8432
0.1214, 0.8437
0.1214, 0.8443
0.1214, 0.8449
0.1214, 0.8454
0.1214, 0.8458
0.1214, 0.8465
0.1214, 0.847
0.1214, 0.8476
0.1214, 0.8481
0.1215, 0.8487
0.1215, 0.8492
0.1215, 0.8498
0.1215, 0.8502
0.1215, 0.8508
0.1215, 0.8514
0.1215, 0.8519
0.1215, 0.8525
0.1215, 0.853
0.1246, 0.8536
0.1246, 0.854
0.1246, 0.8547
0.1246, 0.8552
0.1246, 0.8557
0.1246, 0.8563
0.1246, 0.8568
0.1247, 0.8574
0.1247, 0.8578
0.1247, 0.8585
0.1247, 0.859
0.1247, 0.8596
0.1247, 0.8601
0.1247, 0.8606
0.1247, 0.8612
0.1247, 0.8617
0.1248, 0.8622
0.1248, 0.8628
0.1248, 0.8634
0.1278, 0.8639
0.1278, 0.8643
0.1278, 0.865
0.1279, 0.8655
0.1279, 0.866
0.1279, 0.8666
0.1279, 0.8672
0.1279, 0.8677
0.1279, 0.8683
0.1279, 0.8688
0.1279, 0.8693
0.1279, 0.8699
0.1279, 0.8704
0.128, 0.871
0.128, 0.8715
0.128, 0.8721
0.128, 0.8726
0.128, 0.8732
0.128, 0.8737
0.128, 0.8742
0.1311, 0.8748
0.1311, 0.8753
0.1311, 0.8759
0.1311, 0.8763
0.1311, 0.877
0.1311, 0.8775
0.1311, 0.878
0.1311, 0.8786
0.1312, 0.8791
0.1312, 0.8797
0.1312, 0.8801
0.1312, 0.8808
0.1312, 0.8813
0.1312, 0.8819
0.1312, 0.8824
0.1312, 0.883
0.1312, 0.8835
0.1312, 0.884
0.1313, 0.8846
0.1343, 0.8851
0.1343, 0.8857
0.1343, 0.8862
0.1343, 0.8868
0.1343, 0.8873
0.1344, 0.8878
0.1344, 0.8883
0.1344, 0.8889
0.1344, 0.8895
0.1344, 0.89
0.1344, 0.8906
0.1344, 0.8911
0.1344, 0.8917
0.1344, 0.8921
0.1345, 0.8927
0.1345, 0.8933
0.1345, 0.8938
0.1345, 0.8944
0.1345, 0.8949
0.1375, 0.8955
0.1376, 0.896
0.1376, 0.8965
0.1376, 0.8971
0.1376, 0.8976
0.1376, 0.8982
0.1376, 0.8987
0.1376, 0.8993
0.1376, 0.8998
0.1376, 0.9003
0.1376, 0.9009
0.1377, 0.9015
0.1377, 0.902
0.1377, 0.9024
0.1377, 0.9031
0.1377, 0.9036
0.1377, 0.9042
0.1377, 0.9047
0.1377, 0.9053
0.1408, 0.9058
0.1408, 0.9062
0.1408, 0.9069
0.1408, 0.9074
0.1408, 0.908
0.1408, 0.9085
0.1408, 0.9091
0.1409, 0.9096
0.1409, 0.9102
0.1409, 0.9106
0.1409, 0.9112
0.1409, 0.9118
0.1409, 0.9123
0.1409, 0.9129
0.1409, 0.9134
0.1409, 0.914
0.1409, 0.9144
0.141, 0.9151
0.141, 0.9156
0.144, 0.9161
0.144, 0.9167
0.144, 0.9172
0.144, 0.9178
0.1441, 0.9183
0.1441, 0.9189
0.1441, 0.9194
0.1441, 0.92
0.1441, 0.9205
0.1441, 0.921
0.1441, 0.9216
0.1441, 0.9221
0.1441, 0.9226
0.1442, 0.9232
0.1442, 0.9238
0.1442, 0.9243
0.1442, 0.9249
0.1442, 0.9254
0.1442, 0.9259
0.1472, 0.9264
0.1473, 0.927
0.1473, 0.9276
0.1473, 0.9281
0.1473, 0.9287
0.1473, 0.9292
0.1473, 0.9297
0.1473, 0.9303
0.1473, 0.9308
0.1473, 0.9314
0.1474, 0.9319
0.1474, 0.9325
0.1474, 0.933
0.1474, 0.9336
0.1474, 0.9341
0.1474, 0.9346
0.1474, 0.9352
0.1474, 0.9357
0.1474, 0.9363
0.1475, 0.9367
0.1505, 0.9374
0.1505, 0.9379
0.1505, 0.9385
0.1505, 0.939
0.1505, 0.9395
0.1506, 0.9401
0.1506, 0.9405
0.1506, 0.9412
0.1506, 0.9417
0.1506, 0.9423
0.1506, 0.9428
0.1506, 0.9434
0.1506, 0.9439
0.1506, 0.9444
0.1506, 0.9449
0.1507, 0.9455
0.1507, 0.9461
0.1507, 0.9466
0.1507, 0.9472
0.1537, 0.9477
0.1537, 0.9483
0.1538, 0.9487
0.1538, 0.9493
0.1538, 0.9499
0.1538, 0.9504
0.1538, 0.951
0.1538, 0.9515
0.1538, 0.9521
0.1538, 0.9526
0.1538, 0.9531
0.1539, 0.9537
0.1539, 0.9542
0.1539, 0.9548
0.1539, 0.9553
0.1539, 0.9559
0.1539, 0.9564
0.1539, 0.9569
0.1539, 0.9575
0.157, 0.958
0.157, 0.9586
0.157, 0.959
0.157, 0.9597
0.157, 0.9602
0.157, 0.9607
0.157, 0.9613
0.157, 0.9619
0.1571, 0.9624
0.1571, 0.9628
0.1571, 0.9635
0.1571, 0.964
0.1571, 0.9646
0.1571, 0.9651
0.1571, 0.9657
0.1571, 0.9662
0.1571, 0.9668
0.1572, 0.9673
0.1572, 0.9678
0.1602, 0.9684
0.1602, 0.9689
0.1602, 0.9695
0.1602, 0.97
0.1602, 0.9706
0.1602, 0.971
0.1602, 0.9716
0.1602, 0.9722
0.1602, 0.9727
0.1602, 0.9733
0.1602, 0.9738
0.1602, 0.9744
0.1602, 0.9748
0.1602, 0.9755
0.1604, 0.976
0.1604, 0.9765
0.1604, 0.9771
0.1604, 0.9776
0.1604, 0.9782
0.1634, 0.9787
0.1635, 0.9792
0.1635, 0.9798
0.1635, 0.9804
0.1635, 0.9809
0.1635, 0.9814
0.1635, 0.982
0.1635, 0.9825
0.1635, 0.983
0.1635, 0.9836
0.1636, 0.9842
0.1636, 0.9847
0.1636, 0.9853
0.1636, 0.9858
0.1636, 0.9863
0.1636, 0.9868
0.1636, 0.9874
0.1636, 0.988
0.1636, 0.9885
0.1667, 0.9891
0.1667, 0.9896
0.1667, 0.9902
0.1667, 0.9907
0.1667, 0.9912
0.1667, 0.9918
0.1667, 0.9923
0.1668, 0.9929
0.1668, 0.9933
0.1668, 0.994
0.1668, 0.9945
0.1668, 0.995
0.1668, 0.9956
0.1668, 0.9961
0.1668, 0.9967
0.1668, 0.9971
0.1669, 0.9978
0.1669, 0.9983
0.1669, 0.9989
0.1669, 0.9994
0.1699, 0.9999
0.1699, 1.0005
0.1699, 1.001
0.17, 1.0016
0.17, 1.0021
0.17, 1.0027
0.17, 1.0032
0.17, 1.0038
0.17, 1.0043
0.17, 1.0048
0.17, 1.0054
0.17, 1.0059
0.1701, 1.0065
0.1701, 1.007
0.1701, 1.0076
0.1701, 1.0081
0.1701, 1.0087
0.1701, 1.0092
0.1701, 1.0097
0.1732, 1.0103
0.1732, 1.0108
0.1732, 1.0114
0.1732, 1.0119
0.1732, 1.0125
0.1732, 1.013
0.1732, 1.0136
0.1732, 1.0141
0.1733, 1.0146
0.1733, 1.0152
0.1733, 1.0157
0.1733, 1.0163
0.1733, 1.0168
0.1733, 1.0174
0.1733, 1.0179
0.1733, 1.0184
0.1733, 1.019
0.1733, 1.0195
0.1734, 1.0201
0.1764, 1.0206
0.1764, 1.0212
0.1764, 1.0217
0.1764, 1.0223
0.1764, 1.0228
0.1764, 1.0233
0.1764, 1.0239
0.1764, 1.0244
0.1764, 1.025
0.1764, 1.0255
0.1764, 1.0261
0.1764, 1.0266
0.1764, 1.0272
0.1764, 1.0277
0.1766, 1.0282
0.1766, 1.0288
0.1766, 1.0293
0.1766, 1.0299
0.1766, 1.0304
0.1796, 1.031
0.1796, 1.0315
0.1797, 1.0321
0.1797, 1.0326
0.1797, 1.0331
0.1797, 1.0337
0.1797, 1.0342
0.1797, 1.0348
0.1797, 1.0352
0.1797, 1.0359
0.1797, 1.0364
0.1798, 1.0369
0.1798, 1.0375
0.1798, 1.038
0.1798, 1.0386
0.1798, 1.0391
0.1798, 1.0397
0.1798, 1.0402
0.1798, 1.0408
0.1829, 1.0413
0.1829, 1.0418
0.1829, 1.0424
0.1829, 1.0429
0.1829, 1.0435
0.1829, 1.044
0.1829, 1.0446
0.183, 1.0451
0.183, 1.0457
0.183, 1.0462
0.183, 1.0467
0.183, 1.0473
0.183, 1.0478
0.183, 1.0484
0.183, 1.0489
0.183, 1.0495
0.183, 1.05
0.1831, 1.0506
0.1831, 1.0511
0.1861, 1.0516
0.1861, 1.0522
0.1861, 1.0527
0.1861, 1.0533
0.1862, 1.0538
0.1862, 1.0544
0.1862, 1.0549
0.1862, 1.0555
0.1862, 1.056
0.1862, 1.0565
0.1862, 1.0571
0.1862, 1.0576
0.1862, 1.0582
0.1863, 1.0587
0.1863, 1.0593
0.1863, 1.0598
0.1863, 1.0603
0.1863, 1.0609
0.1863, 1.0614
0.1863, 1.062
0.1894, 1.0625
0.1894, 1.0631
0.1894, 1.0636
0.1894, 1.0642
0.1894, 1.0647
0.1894, 1.0652
0.1894, 1.0658
0.1894, 1.0663
0.1894, 1.0669
0.1895, 1.0674
0.1895, 1.068
0.1895, 1.0685
0.1895, 1.0691
0.1895, 1.0695
0.1895, 1.0701
0.1895, 1.0707
0.1895, 1.0712
0.1895, 1.0718
0.1896, 1.0723
0.1926, 1.0729
0.1926, 1.0734
0.1926, 1.074
0.1926, 1.0745
0.1926, 1.075
0.1927, 1.0756
0.1927, 1.0761
0.1927, 1.0767
0.1927, 1.0772
0.1927, 1.0778
0.1927, 1.0783
0.1927, 1.0789
0.1927, 1.0794
0.1927, 1.0799
0.1927, 1.0805
0.1928, 1.081
0.1928, 1.0816
0.1928, 1.0821
0.1928, 1.0827
0.1958, 1.0832
0.1958, 1.0836
0.1959, 1.0843
0.1959, 1.0848
0.1959, 1.0854
0.1959, 1.0859
0.1959, 1.0865
0.1959, 1.087
0.1959, 1.0876
0.1959, 1.0881
0.1959, 1.0886
0.196, 1.0892
0.196, 1.0897
0.196, 1.0903
0.196, 1.0908
0.196, 1.0914
0.196, 1.0919
0.196, 1.0925
0.196, 1.093
0.1991, 1.0935
0.1991, 1.0941
0.1991, 1.0946
0.1991, 1.0952
0.1991, 1.0957
0.1991, 1.0963
0.1991, 1.0968
0.1991, 1.0974
0.1992, 1.0979
0.1992, 1.0984
0.1992, 1.099
0.1992, 1.0995
0.1992, 1.1001
0.1992, 1.1006
0.1992, 1.1012
0.1992, 1.1017
0.1992, 1.1022
0.1993, 1.1028
0.1993, 1.1033
0.2023, 1.1039
0.2023, 1.1044
0.2023, 1.105
0.2023, 1.1055
0.2023, 1.1061
0.2024, 1.1066
0.2024, 1.1071
0.2024, 1.1077
0.2024, 1.1082
0.2024, 1.1088
0.2024, 1.1093
0.2024, 1.1099
0.2024, 1.1104
0.2024, 1.111
0.2025, 1.1115
0.2025, 1.112
0.2025, 1.1126
0.2025, 1.1131
0.2025, 1.1137
0.2055, 1.1142
0.2056, 1.1148
0.2056, 1.1153
0.2056, 1.1159
0.2056, 1.1164
0.2056, 1.1169
0.2056, 1.1175
0.2056, 1.1179
0.2056, 1.1186
0.2056, 1.1191
0.2057, 1.1197
0.2057, 1.1202
0.2057, 1.1208
0.2057, 1.1213
0.2057, 1.1218
0.2057, 1.1224
0.2057, 1.1229
0.2057, 1.1235
0.2057, 1.124
0.2088, 1.1246
0.2088, 1.1251
0.2088, 1.1256
0.2088, 1.1262
0.2088, 1.1267
0.2088, 1.1273
0.2088, 1.1278
0.2089, 1.1284
0.2089, 1.1289
0.2089, 1.1295
0.2089, 1.13
0.2089, 1.1305
0.2089, 1.1311
0.2089, 1.1316
0.2089, 1.1322
0.2089, 1.1327
0.209, 1.1333
0.209, 1.1338
0.209, 1.1344
0.209, 1.1349
0.212, 1.1354
0.212, 1.136
0.212, 1.1365
0.2121, 1.1371
0.2121, 1.1376
0.2121, 1.1381
0.2121, 1.1387
0.2121, 1.1393
0.2121, 1.1398
0.2121, 1.1403
0.2121, 1.1409
0.2121, 1.1414
0.2122, 1.142
0.2122, 1.1425
0.2122, 1.1431
0.2122, 1.1436
0.2122, 1.1442
0.2122, 1.1447
0.2122, 1.1452
0.2153, 1.1458
0.2153, 1.1463
0.2153, 1.1469
0.2153, 1.1474
0.2153, 1.148
0.2153, 1.1485
0.2153, 1.149
0.2153, 1.1496
0.2154, 1.1501
0.2154, 1.1507
0.2154, 1.1512
0.2154, 1.1518
0.2154, 1.1522
0.2154, 1.1529
0.2154, 1.1534
0.2154, 1.1539
0.2154, 1.1545
0.2154, 1.155
0.2155, 1.1556
0.2155, 1.1561
0.2155, 1.1567
0.2155, 1.1572
0.2155, 1.1578
0.2155, 1.1583
0.2186, 1.1588
0.2186, 1.1594
0.2186, 1.1599
0.2186, 1.1605
0.2186, 1.161
0.2186, 1.1616
0.2186, 1.1621
0.2186, 1.1627
0.2186, 1.1632
0.2187, 1.1637
0.2187, 1.1643
0.2187, 1.1648
0.2187, 1.1654
0.2187, 1.1659
0.2187, 1.1665
0.2187, 1.167
0.2187, 1.1675
0.2187, 1.1681
0.2187, 1.1686
0.2187, 1.1692
0.2187, 1.1697
0.2187, 1.1703
0.2187, 1.1708
0.2187, 1.1714
0.2187, 1.1719
0.2187, 1.1724
0.2187, 1.173
0.2187, 1.1735
0.2219, 1.1741
0.2219, 1.1746
0.2219, 1.1752
0.2219, 1.1757
0.2219, 1.1763
0.2219, 1.1768
0.222, 1.1773
0.222, 1.1779
0.222, 1.1784
0.222, 1.179
0.222, 1.1795
0.222, 1.1801
0.222, 1.1806
0.222, 1.1812
0.222, 1.1817
0.2221, 1.1822
0.2221, 1.1828
0.2221, 1.1833
0.2221, 1.1839
0.2221, 1.1844
0.2221, 1.185
0.2221, 1.1855
0.2221, 1.1861
0.2221, 1.1865
0.2221, 1.1871
0.2222, 1.1877
0.2222, 1.1882
0.2222, 1.1888
0.2222, 1.1893
0.2222, 1.1899
0.2222, 1.1904
0.2222, 1.1909
0.2222, 1.1915
0.2222, 1.192
0.2223, 1.1926
0.2223, 1.1931
0.2223, 1.1937
0.2223, 1.1942
0.2223, 1.1948
0.2253, 1.1953
0.2254, 1.1958
0.2254, 1.1964
0.2254, 1.1969
0.2254, 1.1975
0.2254, 1.198
0.2254, 1.1985
0.2254, 1.1991
0.2254, 1.1997
0.2254, 1.2002
0.2255, 1.2006
0.2255, 1.2013
0.2255, 1.2018
0.2255, 1.2024
0.2255, 1.2029
0.2255, 1.2035
0.2255, 1.204
0.2255, 1.2046
0.2255, 1.2051
0.2255, 1.2056
0.2256, 1.2062
0.2256, 1.2067
0.2256, 1.2073
0.2256, 1.2078
0.2256, 1.2084
0.2256, 1.2089
0.2256, 1.2095
0.2256, 1.21
0.2256, 1.2105
0.2257, 1.2111
0.2257, 1.2116
0.2257, 1.2122
0.2257, 1.2127
0.2257, 1.2133
0.2257, 1.2138
0.2257, 1.2144
0.2257, 1.2149
0.2257, 1.2154
0.2258, 1.216
0.2258, 1.2165
0.2258, 1.2171
0.2258, 1.2176
0.2258, 1.2182
0.2258, 1.2187
0.2258, 1.2192
0.2258, 1.2198
0.2258, 1.2203
0.2259, 1.2209
0.2259, 1.2214
0.2259, 1.222
0.2259, 1.2225
0.2259, 1.2231
0.2259, 1.2236
0.2259, 1.2241
0.2259, 1.2247
0.2259, 1.2252
0.2259, 1.2258
0.229, 1.2263
0.229, 1.2269
0.229, 1.2274
0.229, 1.228
0.229, 1.2285
0.229, 1.229
0.2291, 1.2296
0.2291, 1.2301
0.2291, 1.2307
0.2291, 1.2312
0.2291, 1.2318
0.2291, 1.2323
0.2291, 1.2328
0.2291, 1.2334
0.2291, 1.2339
0.2292, 1.2345
0.2292, 1.2349
0.2292, 1.2356
0.2292, 1.2361
0.2292, 1.2367
0.2292, 1.2372
0.2292, 1.2378
0.2292, 1.2383
0.2292, 1.2388
0.2293, 1.2394
0.2293, 1.2399
0.2293, 1.2405
0.2293, 1.241
0.2293, 1.2416
0.2293, 1.2421
0.2293, 1.2426
0.2293, 1.2432
0.2293, 1.2437
0.2293, 1.2443
0.2294, 1.2448
0.2294, 1.2454
0.2294, 1.2459
0.2294, 1.2465
0.2294, 1.2469
0.2294, 1.2475
0.2294, 1.2481
0.2294, 1.2486
0.2294, 1.2492
0.2295, 1.2497
0.2295, 1.2503
0.2295, 1.2508
0.2295, 1.2514
0.2295, 1.2519
0.2295, 1.2524
0.2295, 1.253
0.2295, 1.2535
0.2295, 1.2541
0.2296, 1.2546
0.2296, 1.2551
0.2296, 1.2557
0.2296, 1.2563
0.2296, 1.2568
0.2296, 1.2572
0.2296, 1.2579
0.2296, 1.2584
0.2296, 1.259
0.2297, 1.2595
0.2297, 1.2601
0.2297, 1.2606
0.2297, 1.2612
0.2297, 1.2617
0.2297, 1.2622
0.2297, 1.2628
0.2297, 1.2633
0.2297, 1.2639
0.2297, 1.2644
0.2298, 1.265
0.2298, 1.2655
0.2328, 1.266
0.2328, 1.2666
0.2328, 1.2671
0.2328, 1.2677
0.2328, 1.2682
0.2328, 1.2688
0.2328, 1.2692
0.2328, 1.2699
0.2328, 1.2704
0.2328, 1.2709
0.2328, 1.2715
0.2328, 1.272
0.2328, 1.2726
0.233, 1.2731
0.233, 1.2737
0.233, 1.2742
0.233, 1.2748
0.233, 1.2753
0.233, 1.2758
0.233, 1.2764
0.233, 1.2769
0.233, 1.2775
0.233, 1.278
0.2331, 1.2786
0.2331, 1.2791
0.2331, 1.2797
0.2331, 1.2802
0.2331, 1.2807
0.2331, 1.2812
0.2331, 1.2818
0.2331, 1.2824
0.2331, 1.2829
0.2332, 1.2835
0.2332, 1.284
0.2332, 1.2846
0.2332, 1.2851
0.2332, 1.2856
0.2332, 1.2862
0.2332, 1.2867
0.2332, 1.2873
0.2332, 1.2878
0.2333, 1.2884
0.2333, 1.2889
0.2333, 1.2894
0.2333, 1.29
0.2333, 1.2905
0.2333, 1.2911
0.2333, 1.2916
0.2333, 1.2922
0.2333, 1.2927
0.2334, 1.2933
0.2334, 1.2938
0.2334, 1.2943
0.2334, 1.2949
0.2334, 1.2953
0.2334, 1.296
0.2334, 1.2965
0.2334, 1.2971
0.2334, 1.2976
0.2335, 1.2982
0.2335, 1.2987
0.2335, 1.2992
0.2335, 1.2998
0.2335, 1.3003
0.2335, 1.3009
0.2335, 1.3014
0.2335, 1.302
0.2335, 1.3025
0.2335, 1.3031
0.2336, 1.3035
0.2336, 1.3041
0.2336, 1.3047
0.2336, 1.3052
0.2336, 1.3058
0.2336, 1.3063
0.2336, 1.3069
0.2336, 1.3074
0.2336, 1.308
0.2337, 1.3085
0.2337, 1.309
0.2337, 1.3096
0.2367, 1.3101
0.2367, 1.3107
0.2367, 1.3112
0.2368, 1.3118
0.2368, 1.3123
0.2368, 1.3129
0.2368, 1.3134
0.2368, 1.3139
0.2368, 1.3145
0.2368, 1.315
0.2368, 1.3155
0.2368, 1.3161
0.2368, 1.3167
0.2368, 1.3172
0.2368, 1.3176
0.2368, 1.3183
0.2368, 1.3188
0.2368, 1.3194
0.2368, 1.3199
0.2368, 1.3205
0.2368, 1.321
0.2368, 1.3216
0.237, 1.3221
0.237, 1.3226
0.237, 1.3232
0.237, 1.3237
0.237, 1.3243
0.237, 1.3248
0.237, 1.3254
0.237, 1.3259
0.237, 1.3265
0.2371, 1.327
0.2371, 1.3275
0.2371, 1.3281
0.2371, 1.3286
0.2371, 1.3292
0.2371, 1.3296
0.2371, 1.3303
0.2371, 1.3308
0.2371, 1.3314
0.2372, 1.3319
0.2372, 1.3324
0.2372, 1.333
0.2372, 1.3335
0.2372, 1.3341
0.2372, 1.3346
0.2372, 1.3352
0.2372, 1.3357
0.2372, 1.3363
0.2372, 1.3368
0.2373, 1.3373
0.2373, 1.3378
0.2373, 1.3384
0.2373, 1.339
0.2373, 1.3395
0.2373, 1.3401
0.2373, 1.3406
0.2373, 1.3411
0.2373, 1.3417
0.2374, 1.3422
0.2374, 1.3428
0.2374, 1.3433
0.2374, 1.3439
0.2374, 1.3444
0.2374, 1.345
0.2374, 1.3455
0.2374, 1.346
0.2374, 1.3466
0.2375, 1.3471
0.2375, 1.3477
0.2405, 1.3482
0.2405, 1.3488
0.2405, 1.3493
0.2405, 1.3498
0.2406, 1.3504
0.2406, 1.3509
0.2406, 1.3515
0.2406, 1.3519
0.2406, 1.3526
0.2406, 1.3531
0.2406, 1.3537
0.2406, 1.3542
0.2406, 1.3548
0.2406, 1.3553
0.2407, 1.3558
0.2407, 1.3564
0.2407, 1.3569
0.2407, 1.3575
0.2407, 1.358
0.2407, 1.3586
0.2407, 1.3591
0.2407, 1.3597
0.2407, 1.3602
0.2408, 1.3607
0.2408, 1.3613
0.2408, 1.3618
0.2408, 1.3624
0.2408, 1.3629
0.2408, 1.3635
0.2408, 1.3639
0.2408, 1.3645
0.2408, 1.3651
0.2409, 1.3656
0.2409, 1.3662
0.2409, 1.3667
0.2409, 1.3673
0.2409, 1.3678
0.2409, 1.3684
0.2409, 1.3689
0.244, 1.3694
0.244, 1.37
0.244, 1.3705
0.244, 1.3711
0.244, 1.3716
0.244, 1.3721
0.244, 1.3727
0.244, 1.3733
0.244, 1.3738
0.2441, 1.3743
0.2441, 1.3749
0.2441, 1.3754
0.2441, 1.376
0.2441, 1.3765
0.2441, 1.3771
0.2441, 1.3776
0.2441, 1.3782
0.2441, 1.3787
0.2442, 1.3792
0.2442, 1.3798
0.2442, 1.3803
0.2442, 1.3809
0.2442, 1.3814
0.2442, 1.382
0.2442, 1.3825
0.2442, 1.3831
0.2442, 1.3836
0.2443, 1.3841
0.2443, 1.3847
0.2443, 1.3852
0.2443, 1.3858
0.2443, 1.3862
0.2443, 1.3869
0.2443, 1.3874
0.2443, 1.3879
0.2443, 1.3885
0.2444, 1.389
0.2474, 1.3896
0.2474, 1.3901
0.2474, 1.3907
0.2474, 1.3912
0.2474, 1.3918
0.2474, 1.3923
0.2475, 1.3928
0.2475, 1.3934
0.2475, 1.3939
0.2475, 1.3945
0.2475, 1.395
0.2475, 1.3956
0.2475, 1.3961
0.2475, 1.3967
0.2475, 1.3972
0.2476, 1.3977
0.2476, 1.3982
0.2476, 1.3988
0.2476, 1.3994
0.2476, 1.3999
0.2476, 1.4005
0.2476, 1.401
0.2476, 1.4016
0.2476, 1.4021
0.2477, 1.4026
0.2477, 1.4032
0.2477, 1.4037
0.2477, 1.4043
0.2507, 1.4048
0.2507, 1.4054
0.2507, 1.4059
0.2508, 1.4064
0.2508, 1.407
0.2508, 1.4075
0.2508, 1.4081
0.2508, 1.4086
0.2508, 1.4092
0.2508, 1.4097
0.2508, 1.4102
0.2508, 1.4108
0.2509, 1.4113
0.2509, 1.4119
0.2509, 1.4123
0.2509, 1.413
0.2509, 1.4135
0.2509, 1.4141
0.2509, 1.4146
0.2509, 1.4152
0.2509, 1.4157
0.251, 1.4162
0.254, 1.4168
0.254, 1.4173
0.254, 1.4179
0.254, 1.4184
0.254, 1.419
0.2541, 1.4195
0.2541, 1.4201
0.2541, 1.4205
0.2541, 1.4211
0.2541, 1.4217
0.2541, 1.4222
0.2541, 1.4228
0.2541, 1.4233
0.2541, 1.4239
0.2541, 1.4243
0.2542, 1.425
0.2572, 1.4255
0.2572, 1.426
0.2572, 1.4266
0.2572, 1.4271
0.2572, 1.4277
0.2572, 1.4282
0.2572, 1.4288
0.2572, 1.4293
0.2572, 1.4299
0.2572, 1.4304
0.2572, 1.4309
0.2572, 1.4315
0.2572, 1.432
0.2572, 1.4325
0.2604, 1.4331
0.2604, 1.4337
0.2604, 1.4342
0.2604, 1.4346
0.2604, 1.4353
0.2604, 1.4358
0.2604, 1.4364
0.2605, 1.4369
0.2605, 1.4375
0.2605, 1.438
0.2605, 1.4386
0.2605, 1.4391
0.2635, 1.4396
0.2636, 1.4402
0.2636, 1.4407
0.2636, 1.4413
0.2636, 1.4418
0.2636, 1.4424
0.2636, 1.4429
0.2636, 1.4435
0.2636, 1.444
0.2636, 1.4445
0.2667, 1.4451
0.2667, 1.4456
0.2667, 1.4462
0.2667, 1.4466
0.2667, 1.4473
0.2667, 1.4478
0.2667, 1.4484
0.2668, 1.4489
0.2668, 1.4494
0.2698, 1.45
0.2698, 1.4505
0.2698, 1.4511
0.2698, 1.4516
0.2699, 1.4522
0.2699, 1.4527
0.2699, 1.4532
0.2699, 1.4538
0.2729, 1.4543
0.2729, 1.4549
0.273, 1.4554
0.273, 1.456
0.273, 1.4565
0.273, 1.4571
0.273, 1.4576
0.276, 1.4581
0.276, 1.4586
0.2761, 1.4592
0.2761, 1.4598
0.2761, 1.4603
0.2761, 1.4609
0.2791, 1.4614
0.2791, 1.462
0.2792, 1.4625
0.2792, 1.463
0.2792, 1.4636
0.2822, 1.4641
0.2822, 1.4647
0.2822, 1.4652
0.2823, 1.4658
0.2823, 1.4663
0.2852, 1.4668
0.2852, 1.4674
0.2852, 1.4679
0.2884, 1.4685
0.2884, 1.4689
0.2884, 1.4696
0.2884, 1.4701
0.2884, 1.4707
0.2915, 1.4712
0.2915, 1.4717
0.2945, 1.4723
0.2974, 1.4723
0.2974, 1.4727
0.3006, 1.4727
0.3035, 1.4734
0.3067, 1.4739
0.3096, 1.4739
0.3127, 1.4745
0.3158, 1.4745
0.3188, 1.4745
0.3218, 1.4745
0.3249, 1.4745
0.3279, 1.4745
0.3309, 1.4739
0.3338, 1.4739
0.337, 1.4734
0.34, 1.4734
0.343, 1.4734
0.346, 1.4727
0.3491, 1.4723
0.3521, 1.4717
0.3551, 1.4712
0.3551, 1.4706
0.3551, 1.4701
0.358, 1.4695
0.358, 1.4689
0.358, 1.4685
0.358, 1.4679
0.358, 1.4674
0.3611, 1.4668
0.3611, 1.4663
0.3611, 1.4657
0.361, 1.4652
0.3641, 1.4646
0.3641, 1.4641
0.3639, 1.4636
0.3639, 1.463
0.3639, 1.4625
0.367, 1.4619
0.367, 1.4614
0.367, 1.4607
0.367, 1.4603
0.367, 1.4597
0.367, 1.4592
0.367, 1.4586
0.367, 1.4581
0.37, 1.4576
0.37, 1.457
0.37, 1.4565
0.37, 1.4559
0.3699, 1.4554
0.3699, 1.4548
0.3699, 1.4543
0.3699, 1.4538
0.3699, 1.4532
0.3699, 1.4527
0.3699, 1.4521
0.3699, 1.4516
0.3699, 1.451
0.3698, 1.4505
0.3698, 1.45
0.3698, 1.4494
0.3728, 1.4489
0.3728, 1.4483
0.3728, 1.4478
0.3728, 1.4472
0.3728, 1.4466
0.3728, 1.4461
0.3728, 1.4456
0.3728, 1.4451
0.3728, 1.4445
0.3727, 1.444
0.3727, 1.4434
0.3727, 1.4429
0.3727, 1.4423
0.3727, 1.4418
0.3727, 1.4412
0.3727, 1.4407
0.3727, 1.4402
0.3727, 1.4396
0.3757, 1.4391
0.3757, 1.4385
0.3757, 1.438
0.3756, 1.4374
0.3756, 1.4369
0.3756, 1.4363
0.3756, 1.4358
0.3756, 1.4353
0.3756, 1.4346
0.3756, 1.4342
0.3756, 1.4336
0.3756, 1.4331
0.3756, 1.4325
0.3755, 1.432
0.3755, 1.4314
0.3755, 1.4309
0.3755, 1.4304
0.3755, 1.4298
0.3755, 1.4293
0.3755, 1.4287
0.3755, 1.4282
0.3755, 1.4276
0.3754, 1.4271
0.3754, 1.4264
0.3754, 1.426
0.3754, 1.4255
0.3754, 1.4249
0.3754, 1.4243
0.3754, 1.4238
0.3754, 1.4233
0.3754, 1.4227
0.3753, 1.4222
0.3784, 1.4216
0.3784, 1.4211
0.3783, 1.4205
0.3783, 1.42
0.3783, 1.4195
0.3783, 1.4189
0.3783, 1.4184
0.3783, 1.4178
0.3783, 1.4173
0.3783, 1.4168
0.3783, 1.4162
0.3782, 1.4157
0.3782, 1.4151
0.3782, 1.4146
0.3782, 1.414
0.3782, 1.4135
0.3782, 1.4129
0.3782, 1.4123
0.3782, 1.4119
0.3782, 1.4113
0.3782, 1.4108
0.378, 1.4102
0.378, 1.4097
0.378, 1.4091
0.378, 1.4086
0.378, 1.408
0.378, 1.4075
0.378, 1.407
0.378, 1.4064
0.378, 1.4059
0.378, 1.4053
0.378, 1.4048
0.378, 1.4042
0.378, 1.4037
0.378, 1.4031
0.381, 1.4026
0.381, 1.4021
0.381, 1.4015
0.381, 1.401
0.381, 1.4003
0.381, 1.3999
0.381, 1.3993
0.3809, 1.3988
0.3809, 1.3982
0.3809, 1.3977
0.3809, 1.3972
0.3809, 1.3966
0.3809, 1.3961
0.3809, 1.3955
0.3809, 1.395
0.3809, 1.3944
0.3808, 1.3939
0.3808, 1.3933
0.3808, 1.3928
0.3808, 1.3923
0.3808, 1.3917
0.3808, 1.3912
0.3808, 1.3906
0.3808, 1.3901
0.3808, 1.3895
0.3807, 1.389
0.3807, 1.3885
0.3807, 1.3879
0.3807, 1.3874
0.3807, 1.3868
0.3807, 1.3862
0.3807, 1.3857
0.3807, 1.3852
0.3807, 1.3846
0.3837, 1.3841
0.3837, 1.3836
0.3837, 1.383
0.3836, 1.3825
0.3836, 1.3819
0.3836, 1.3814
0.3836, 1.3808
0.3836, 1.3803
0.3836, 1.3797
0.3836, 1.3792
0.3836, 1.3787
0.3836, 1.378
0.3836, 1.3776
0.3835, 1.377
0.3835, 1.3765
0.3835, 1.3759
0.3835, 1.3754
0.3835, 1.3748
0.3835, 1.3743
0.3835, 1.3738
0.3835, 1.3732
0.3835, 1.3727
0.3834, 1.3721
0.3834, 1.3716
0.3834, 1.371
0.3834, 1.3705
0.3834, 1.3699
0.3834, 1.3694
0.3834, 1.3689
0.3834, 1.3683
0.3834, 1.3678
0.3833, 1.3672
0.3833, 1.3667
0.3833, 1.366
0.3862, 1.3656
0.3862, 1.365
0.3862, 1.3645
0.3862, 1.3639
0.3862, 1.3634
0.3862, 1.3629
0.3862, 1.3623
0.3862, 1.3618
0.3862, 1.3612
0.3862, 1.3607
0.3862, 1.3601
0.3862, 1.3596
0.3862, 1.3591
0.3862, 1.3585
0.3862, 1.358
0.3862, 1.3574
0.3862, 1.3569
0.3862, 1.3563
0.3862, 1.3558
0.386, 1.3553
0.386, 1.3547
0.386, 1.3542
0.386, 1.3536
0.386, 1.3531
0.386, 1.3525
0.386, 1.3519
0.3891, 1.3514
0.3891, 1.3509
0.3891, 1.3504
0.3891, 1.3498
0.3891, 1.3493
0.389, 1.3487
0.389, 1.3482
0.389, 1.3476
0.389, 1.3471
0.389, 1.3465
0.389, 1.346
0.389, 1.3455
0.389, 1.3449
0.389, 1.3444
0.3889, 1.3437
0.3889, 1.3433
0.3889, 1.3427
0.3889, 1.3422
0.3889, 1.3416
0.3889, 1.3411
0.3889, 1.3406
0.3889, 1.34
0.3889, 1.3395
0.3888, 1.3389
0.3888, 1.3384
0.3888, 1.3378
0.3918, 1.3373
0.3918, 1.3367
0.3918, 1.3362
0.3918, 1.3357
0.3918, 1.3351
0.3918, 1.3346
0.3918, 1.334
0.3918, 1.3335
0.3918, 1.3329
0.3917, 1.3324
0.3917, 1.3317
0.3917, 1.3313
0.3917, 1.3308
0.3917, 1.3302
0.3917, 1.3296
0.3917, 1.3291
0.3917, 1.3286
0.3917, 1.328
0.3916, 1.3275
0.3916, 1.327
0.3916, 1.3264
0.3916, 1.3259
0.3916, 1.3253
0.3916, 1.3248
0.3916, 1.3242
0.3916, 1.3237
0.3946, 1.3231
0.3946, 1.3226
0.3946, 1.3221
0.3946, 1.3215
0.3946, 1.321
0.3945, 1.3204
0.3945, 1.3199
0.3945, 1.3193
0.3945, 1.3188
0.3945, 1.3182
0.3945, 1.3176
0.3945, 1.3172
0.3945, 1.3166
0.3945, 1.3161
0.3944, 1.3155
0.3944, 1.315
0.3944, 1.3144
0.3944, 1.3139
0.3944, 1.3133
0.3944, 1.3128
0.3944, 1.3123
0.3944, 1.3117
0.3944, 1.3112
0.3942, 1.3106
0.3974, 1.3101
0.3974, 1.3094
0.3973, 1.309
0.3973, 1.3084
0.3973, 1.3079
0.3973, 1.3074
0.3973, 1.3068
0.3973, 1.3063
0.3973, 1.3057
0.3973, 1.3052
0.3973, 1.3046
0.3972, 1.3041
0.3972, 1.3035
0.3972, 1.303
0.3972, 1.3025
0.3972, 1.3019
0.3972, 1.3014
0.3972, 1.3008
0.3972, 1.3003
0.3972, 1.2997
0.4002, 1.2992
0.4002, 1.2986
0.4002, 1.2981
0.4001, 1.2976
0.4001, 1.297
0.4001, 1.2965
0.4001, 1.2959
0.4001, 1.2953
0.4001, 1.2948
0.4001, 1.2943
0.4001, 1.2938
0.4001, 1.2932
0.4, 1.2927
0.4, 1.2921
0.4, 1.2916
0.4, 1.291
0.4, 1.2905
0.4, 1.2899
0.4, 1.2894
0.403, 1.2889
0.403, 1.2883
0.403, 1.2878
0.403, 1.2872
0.403, 1.2867
0.403, 1.2861
0.4029, 1.2856
0.4029, 1.285
0.4029, 1.2845
0.4029, 1.284
0.4029, 1.2833
0.4029, 1.2829
0.4029, 1.2823
0.4029, 1.2818
0.4029, 1.2812
0.4028, 1.2807
0.4028, 1.2801
0.4028, 1.2796
0.4028, 1.2791
0.4028, 1.2785
0.4058, 1.278
0.4058, 1.2774
0.4058, 1.2769
0.4058, 1.2763
0.4058, 1.2758
0.4058, 1.2752
0.4058, 1.2747
0.4057, 1.2742
0.4057, 1.2736
0.4057, 1.2731
0.4057, 1.2725
0.4057, 1.272
0.4057, 1.2713
0.4057, 1.2709
0.4057, 1.2703
0.4057, 1.2698
0.4056, 1.2692
0.4056, 1.2687
0.4056, 1.2682
0.4086, 1.2676
0.4086, 1.2671
0.4086, 1.2665
0.4086, 1.266
0.4086, 1.2654
0.4086, 1.2649
0.4086, 1.2644
0.4086, 1.2638
0.4086, 1.2633
0.4085, 1.2627
0.4085, 1.2622
0.4085, 1.2616
0.4085, 1.261
0.4085, 1.2606
0.4085, 1.26
0.4085, 1.2595
0.4085, 1.2589
0.4085, 1.2584
0.4085, 1.2578
0.4083, 1.2572
0.4115, 1.2567
0.4114, 1.2562
0.4114, 1.2557
0.4114, 1.2551
0.4114, 1.2546
0.4114, 1.254
0.4114, 1.2535
0.4114, 1.2529
0.4114, 1.2524
0.4114, 1.2518
0.4114, 1.2513
0.4113, 1.2508
0.4113, 1.2502
0.4113, 1.2497
0.4113, 1.249
0.4113, 1.2486
0.4113, 1.248
0.4113, 1.2475
0.4113, 1.2469
0.4143, 1.2464
0.4143, 1.2459
0.4143, 1.2453
0.4143, 1.2448
0.4142, 1.2442
0.4142, 1.2437
0.4142, 1.2431
0.4142, 1.2426
0.4142, 1.242
0.4142, 1.2415
0.4142, 1.241
0.4142, 1.2404
0.4142, 1.2399
0.4141, 1.2393
0.4141, 1.2388
0.4141, 1.2382
0.4141, 1.2377
0.4141, 1.2371
0.4171, 1.2366
0.4171, 1.2361
0.4171, 1.2355
0.4171, 1.2349
0.4171, 1.2344
0.4171, 1.2339
0.4171, 1.2333
0.417, 1.2328
0.417, 1.2322
0.417, 1.2317
0.417, 1.2312
0.417, 1.2306
0.417, 1.2301
0.417, 1.2295
0.417, 1.229
0.417, 1.2284
0.42, 1.2279
0.42, 1.2273
0.42, 1.2268
0.4199, 1.2263
0.4199, 1.2257
0.4199, 1.2252
0.4199, 1.2246
0.4199, 1.2241
0.4199, 1.2235
0.4199, 1.223
0.4199, 1.2225
0.4199, 1.2219
0.4198, 1.2214
0.4198, 1.2208
0.4198, 1.2203
0.4198, 1.2197
0.4228, 1.2192
0.4228, 1.2186
0.4228, 1.2181
0.4228, 1.2176
0.4228, 1.217
0.4228, 1.2165
0.4228, 1.2159
0.4228, 1.2154
0.4228, 1.2147
0.4227, 1.2143
0.4227, 1.2137
0.4227, 1.2132
0.4227, 1.2127
0.4227, 1.2121
0.4227, 1.2116
0.4227, 1.211
0.4257, 1.2105
0.4257, 1.2099
0.4257, 1.2094
0.4257, 1.2088
0.4257, 1.2083
0.4256, 1.2078
0.4256, 1.2072
0.4256, 1.2067
0.4256, 1.2061
0.4256, 1.2056
0.4256, 1.205
0.4256, 1.2045
0.4256, 1.2039
0.4256, 1.2034
0.4255, 1.2029
0.4255, 1.2023
0.4285, 1.2018
0.4285, 1.2012
0.4285, 1.2006
0.4285, 1.2001
0.4285, 1.1996
0.4285, 1.199
0.4285, 1.1985
0.4285, 1.198
0.4285, 1.1974
0.4285, 1.1969
0.4284, 1.1963
0.4284, 1.1958
0.4284, 1.1952
0.4284, 1.1947
0.4284, 1.1941
0.4284, 1.1936
0.4314, 1.1931
0.4314, 1.1925
0.4314, 1.192
0.4314, 1.1914
0.4314, 1.1909
0.4314, 1.1903
0.4313, 1.1898
0.4313, 1.1893
0.4313, 1.1887
0.4313, 1.1882
0.4313, 1.1876
0.4313, 1.1871
0.4313, 1.1865
0.4313, 1.186
0.4313, 1.1854
0.4312, 1.1849
0.4343, 1.1844
0.4343, 1.1838
0.4342, 1.1833
0.4342, 1.1827
0.4342, 1.1822
0.4342, 1.1816
0.4342, 1.1811
0.4342, 1.1804
0.4342, 1.18
0.4342, 1.1795
0.4342, 1.1789
0.4341, 1.1784
0.4341, 1.1778
0.4341, 1.1773
0.4341, 1.1767
0.4341, 1.1762
0.4371, 1.1756
0.4371, 1.1751
0.4371, 1.1746
0.4371, 1.174
0.4371, 1.1735
0.4371, 1.1729
0.4371, 1.1724
0.4371, 1.1718
0.437, 1.1713
0.437, 1.1707
0.437, 1.1702
0.437, 1.1697
0.437, 1.1691
0.437, 1.1686
0.437, 1.168
0.437, 1.1675
0.44, 1.1669
0.44, 1.1663
0.44, 1.1658
0.44, 1.1653
0.4399, 1.1648
0.4399, 1.1642
0.4399, 1.1637
0.4399, 1.1631
0.4399, 1.1626
0.4399, 1.162
0.4399, 1.1615
0.4399, 1.1609
0.4399, 1.1604
0.4398, 1.1599
0.4398, 1.1593
0.4398, 1.1588
0.4428, 1.1582
0.4428, 1.1577
0.4428, 1.1571
0.4428, 1.1566
0.4428, 1.156
0.4428, 1.1555
0.4428, 1.155
0.4428, 1.1544
0.4428, 1.1539
0.4426, 1.1533
0.4426, 1.1528
0.4426, 1.1522
0.4426, 1.1517
0.4426, 1.1512
0.4426, 1.1506
0.4426, 1.1501
0.4457, 1.1495
0.4457, 1.149
0.4457, 1.1484
0.4457, 1.1479
0.4457, 1.1473
0.4456, 1.1468
0.4456, 1.1463
0.4456, 1.1457
0.4456, 1.1452
0.4456, 1.1446
0.4456, 1.1441
0.4456, 1.1435
0.4456, 1.143
0.4456, 1.1424
0.4485, 1.1419
0.4485, 1.1414
0.4485, 1.1408
0.4485, 1.1403
0.4485, 1.1397
0.4485, 1.1392
0.4485, 1.1386
0.4485, 1.1381
0.4485, 1.1375
0.4485, 1.137
0.4485, 1.1365
0.4485, 1.1359
0.4484, 1.1354
0.4484, 1.1348
0.4515, 1.1343
0.4514, 1.1337
0.4514, 1.1332
0.4514, 1.1326
0.4514, 1.132
0.4514, 1.1316
0.4514, 1.131
0.4514, 1.1305
0.4514, 1.1299
0.4514, 1.1294
0.4514, 1.1288
0.4513, 1.1283
0.4513, 1.1277
0.4513, 1.1272
0.4513, 1.1267
0.4543, 1.1261
0.4543, 1.1256
0.4543, 1.125
0.4543, 1.1245
0.4543, 1.1239
0.4543, 1.1234
0.4543, 1.1228
0.4543, 1.1223
0.4542, 1.1218
0.4542, 1.1212
0.4542, 1.1207
0.4542, 1.1201
0.4542, 1.1196
0.4542, 1.119
0.4572, 1.1185
0.4572, 1.1179
0.4572, 1.1174
0.4572, 1.1169
0.4572, 1.1163
0.4572, 1.1158
0.4571, 1.1152
0.4571, 1.1147
0.4571, 1.1141
0.4571, 1.1136
0.4571, 1.1131
0.4571, 1.1125
0.4571, 1.112
0.4571, 1.1114
0.4601, 1.1109
0.4601, 1.1103
0.4601, 1.1098
0.4601, 1.1092
0.46, 1.1087
0.46, 1.1082
0.46, 1.1076
0.46, 1.1071
0.46, 1.1065
0.46, 1.106
0.46, 1.1054
0.46, 1.1049
0.46, 1.1043
0.4599, 1.1038
0.463, 1.1033
0.463, 1.1027
0.4628, 1.1022
0.4628, 1.1016
0.4628, 1.1011
0.4628, 1.1005
0.4628, 1.1
0.4628, 1.0994
0.4628, 1.0989
0.4628, 1.0984
0.4628, 1.0977
0.4628, 1.0973
0.4628, 1.0967
0.4628, 1.0962
0.4658, 1.0956
0.4658, 1.0951
0.4658, 1.0945
0.4658, 1.094
0.4658, 1.0935
0.4658, 1.0929
0.4658, 1.0924
0.4658, 1.0918
0.4658, 1.0913
0.4657, 1.0907
0.4657, 1.0902
0.4657, 1.0896
0.4657, 1.0891
0.4687, 1.0886
0.4687, 1.088
0.4687, 1.0875
0.4687, 1.0869
0.4687, 1.0864
0.4687, 1.0858
0.4687, 1.0853
0.4687, 1.0847
0.4686, 1.0842
0.4686, 1.0836
0.4686, 1.0831
0.4686, 1.0826
0.4686, 1.082
0.4716, 1.0815
0.4716, 1.0809
0.4716, 1.0804
0.4716, 1.0799
0.4716, 1.0793
0.4716, 1.0788
0.4716, 1.0782
0.4716, 1.0777
0.4715, 1.0771
0.4715, 1.0766
0.4715, 1.076
0.4715, 1.0755
0.4715, 1.075
0.4745, 1.0744
0.4745, 1.0739
0.4745, 1.0733
0.4745, 1.0728
0.4745, 1.0722
0.4745, 1.0717
0.4745, 1.0711
0.4744, 1.0706
0.4744, 1.0701
0.4744, 1.0695
0.4744, 1.069
0.4744, 1.0684
0.4744, 1.0679
0.4774, 1.0673
0.4774, 1.0668
0.4774, 1.0662
0.4774, 1.0657
0.4774, 1.0652
0.4774, 1.0646
0.4773, 1.0641
0.4773, 1.0635
0.4773, 1.063
0.4773, 1.0624
0.4773, 1.0619
0.4773, 1.0613
0.4773, 1.0608
0.4803, 1.0603
0.4803, 1.0597
0.4803, 1.0592
0.4803, 1.0586
0.4803, 1.0581
0.4802, 1.0575
0.4802, 1.057
0.4802, 1.0564
0.4802, 1.0559
0.4802, 1.0554
0.4802, 1.0548
0.4802, 1.0543
0.4832, 1.0537
0.4832, 1.0532
0.4832, 1.0526
0.4832, 1.0521
0.4832, 1.0515
0.483, 1.051
0.483, 1.0505
0.483, 1.0499
0.483, 1.0493
0.483, 1.0488
0.483, 1.0483
0.483, 1.0477
0.483, 1.0472
0.4861, 1.0466
0.4861, 1.0461
0.4861, 1.0456
0.4861, 1.045
0.486, 1.0445
0.486, 1.0439
0.486, 1.0434
0.486, 1.0428
0.486, 1.0423
0.486, 1.0418
0.486, 1.0412
0.486, 1.0407
0.486, 1.0401
0.4889, 1.0396
0.4889, 1.039
0.4889, 1.0385
0.4889, 1.0379
0.4889, 1.0374
0.4889, 1.0369
0.4889, 1.0363
0.4889, 1.0358
0.4889, 1.0352
0.4889, 1.0347
0.4889, 1.0341
0.4889, 1.0336
0.4919, 1.033
0.4919, 1.0325
0.4919, 1.032
0.4918, 1.0314
0.4918, 1.0309
0.4918, 1.0303
0.4918, 1.0298
0.4918, 1.0292
0.4918, 1.0287
0.4918, 1.0281
0.4918, 1.0276
0.4948, 1.0271
0.4948, 1.0265
0.4948, 1.026
0.4948, 1.0254
0.4947, 1.0249
0.4947, 1.0243
0.4947, 1.0238
0.4947, 1.0232
0.4947, 1.0227
0.4947, 1.0222
0.4947, 1.0216
0.4947, 1.0211
0.4977, 1.0205
0.4977, 1.02
0.4977, 1.0194
0.4977, 1.0189
0.4976, 1.0183
0.4976, 1.0178
0.4976, 1.0173
0.4976, 1.0167
0.4976, 1.0162
0.4976, 1.0156
0.4976, 1.0151
0.4976, 1.0145
0.5006, 1.014
0.5006, 1.0134
0.5006, 1.0129
0.5006, 1.0124
0.5006, 1.0118
0.5005, 1.0113
0.5005, 1.0107
0.5005, 1.0102
0.5005, 1.0096
0.5005, 1.0091
0.5005, 1.0085
0.5034, 1.008
0.5034, 1.0075
0.5034, 1.0069
0.5034, 1.0064
0.5034, 1.0058
0.5034, 1.0053
0.5034, 1.0047
0.5034, 1.0042
0.5034, 1.0036
0.5034, 1.0031
0.5034, 1.0026
0.5034, 1.002
0.5064, 1.0015
0.5064, 1.0009
0.5064, 1.0004
0.5064, 0.9998
0.5064, 0.9992
0.5064, 0.9988
0.5063, 0.9982
0.5063, 0.9977
0.5063, 0.9971
0.5063, 0.9966
0.5063, 0.996
0.5063, 0.9955
0.5093, 0.9949
0.5093, 0.9944
0.5093, 0.9939
0.5093, 0.9933
0.5093, 0.9928
0.5093, 0.9922
0.5091, 0.9917
0.5091, 0.991
0.5091, 0.9906
0.5091, 0.99
0.5091, 0.9895
0.5122, 0.9889
0.5122, 0.9884
0.5122, 0.9879
0.5122, 0.9872
0.5122, 0.9868
0.5122, 0.9862
0.5122, 0.9857
0.5121, 0.9851
0.5121, 0.9846
0.5121, 0.9841
0.5121, 0.9835
0.5121, 0.983
0.5151, 0.9824
0.5151, 0.9819
0.5151, 0.9813
0.5151, 0.9808
0.5151, 0.9802
0.5151, 0.9797
0.5151, 0.9792
0.515, 0.9786
0.515, 0.9781
0.515, 0.9775
0.515, 0.9769
0.518, 0.9764
0.518, 0.9759
0.518, 0.9752
0.518, 0.9748
0.518, 0.9743
0.518, 0.9737
0.518, 0.9731
0.518, 0.9726
0.5179, 0.9721
0.5179, 0.9715
0.521, 0.971
0.5209, 0.9704
0.5209, 0.9699
0.5209, 0.9694
0.5209, 0.9687
0.5209, 0.9683
0.5209, 0.9677
0.5209, 0.9672
0.5209, 0.9666
0.5209, 0.9661
0.5208, 0.9655
0.5239, 0.9649
0.5239, 0.9645
0.5238, 0.9639
0.5238, 0.9634
0.5238, 0.9628
0.5238, 0.9623
0.5238, 0.9617
0.5238, 0.9612
0.5238, 0.9607
0.5238, 0.9601
0.5268, 0.9596
0.5268, 0.959
0.5268, 0.9585
0.5268, 0.9579
0.5267, 0.9574
0.5267, 0.9567
0.5267, 0.9563
0.5267, 0.9558
0.5267, 0.9552
0.5267, 0.9546
0.5267, 0.9541
0.5297, 0.9536
0.5297, 0.9529
0.5297, 0.9525
0.5297, 0.9519
0.5297, 0.9514
0.5295, 0.9508
0.5295, 0.9503
0.5295, 0.9498
0.5295, 0.9492
0.5295, 0.9487
0.5326, 0.9481
0.5326, 0.9476
0.5326, 0.947
0.5326, 0.9465
0.5326, 0.946
0.5326, 0.9454
0.5326, 0.9449
0.5325, 0.9443
0.5325, 0.9438
0.5325, 0.9432
0.5325, 0.9426
0.5354, 0.9421
0.5354, 0.9416
0.5354, 0.9411
0.5354, 0.9405
0.5354, 0.94
0.5354, 0.9394
0.5354, 0.9388
0.5354, 0.9383
0.5354, 0.9378
0.5354, 0.9372
0.5385, 0.9367
0.5384, 0.9362
0.5384, 0.9356
0.5384, 0.9351
0.5384, 0.9344
0.5384, 0.934
0.5384, 0.9334
0.5384, 0.9329
0.5384, 0.9323
0.5384, 0.9318
0.5384, 0.9313
0.5413, 0.9306
0.5413, 0.9302
0.5413, 0.9296
0.5413, 0.9291
0.5413, 0.9285
0.5413, 0.928
0.5413, 0.9274
0.5413, 0.9268
0.5413, 0.9264
0.5413, 0.9258
0.5443, 0.9253
0.5443, 0.9247
0.5443, 0.9242
0.5443, 0.9236
0.5443, 0.9231
0.5442, 0.9224
0.5442, 0.922
0.5442, 0.9215
0.5442, 0.9209
0.5442, 0.9203
0.5442, 0.9198
0.5472, 0.9193
0.5472, 0.9186
0.5472, 0.9182
0.5472, 0.9176
0.5472, 0.9171
0.5472, 0.9165
0.5471, 0.916
0.5471, 0.9155
0.5471, 0.9149
0.5501, 0.9144
0.5501, 0.9138
0.5501, 0.9133
0.5501, 0.9127
0.5501, 0.9122
0.5501, 0.9117
0.5501, 0.9111
0.5501, 0.9106
0.5501, 0.91
0.5531, 0.9095
0.5531, 0.9089
0.5531, 0.9083
0.553, 0.9079
0.553, 0.9073
0.553, 0.9068
0.553, 0.9062
0.553, 0.9057
0.553, 0.9051
0.553, 0.9045
0.556, 0.904
0.556, 0.9035
0.556, 0.903
0.556, 0.9024
0.556, 0.9019
0.5558, 0.9013
0.5558, 0.9008
0.5558, 0.9002
0.5558, 0.8997
0.5589, 0.8991
0.5589, 0.8986
0.5589, 0.8981
0.5589, 0.8975
0.5589, 0.897
0.5589, 0.8963
0.5589, 0.8959
0.5589, 0.8953
0.5588, 0.8948
0.5619, 0.8942
0.5619, 0.8937
0.5617, 0.8932
0.5617, 0.8925
0.5617, 0.8921
0.5617, 0.8915
0.5617, 0.891
0.5617, 0.8904
0.5617, 0.8899
0.5617, 0.8893
0.5648, 0.8888
0.5648, 0.8883
0.5648, 0.8877
0.5648, 0.8872
0.5647, 0.8866
0.5647, 0.886
0.5647, 0.8855
0.5647, 0.885
0.5647, 0.8843
0.5676, 0.8839
0.5676, 0.8834
0.5676, 0.8828
0.5676, 0.8822
0.5676, 0.8817
0.5676, 0.8812
0.5676, 0.8806
0.5676, 0.8801
0.5676, 0.8795
0.5676, 0.879
0.5706, 0.8784
0.5706, 0.8779
0.5706, 0.8774
0.5706, 0.8768
0.5706, 0.8763
0.5706, 0.8757
0.5706, 0.8752
0.5706, 0.8746
0.5706, 0.874
0.5735, 0.8736
0.5735, 0.873
0.5735, 0.8725
0.5735, 0.8719
0.5735, 0.8714
0.5735, 0.8708
0.5735, 0.8702
0.5735, 0.8697
0.5735, 0.8692
0.5765, 0.8687
0.5765, 0.8681
0.5765, 0.8676
0.5765, 0.867
0.5765, 0.8665
0.5765, 0.8659
0.5764, 0.8654
0.5764, 0.8649
0.5764, 0.8643
0.5764, 0.8638
0.5794, 0.8632
0.5794, 0.8627
0.5794, 0.862
0.5794, 0.8616
0.5794, 0.861
0.5794, 0.8605
0.5794, 0.8599
0.5794, 0.8594
0.5793, 0.8589
0.5824, 0.8582
0.5824, 0.8578
0.5823, 0.8572
0.5823, 0.8567
0.5823, 0.8561
0.5823, 0.8556
0.5823, 0.8551
0.5823, 0.8545
0.5823, 0.854
0.5853, 0.8534
0.5853, 0.8529
0.5853, 0.8523
0.5853, 0.8518
0.5853, 0.8512
0.5852, 0.8507
0.5852, 0.8502
0.5852, 0.8496
0.5882, 0.8491
0.5882, 0.8485
0.5882, 0.8479
0.5882, 0.8474
0.5882, 0.8469
0.5882, 0.8463
0.5882, 0.8458
0.5882, 0.8453
0.5912, 0.8447
0.5912, 0.8441
0.5912, 0.8436
0.5912, 0.8431
0.5911, 0.8425
0.5911, 0.842
0.5911, 0.8414
0.5911, 0.8409
0.5911, 0.8404
0.5941, 0.8397
0.5941, 0.8393
0.5941, 0.8387
0.5941, 0.8382
0.5941, 0.8376
0.5941, 0.8371
0.5941, 0.8365
0.5939, 0.8359
0.5971, 0.8355
0.5971, 0.8349
0.597, 0.8344
0.597, 0.8338
0.597, 0.8333
0.597, 0.8327
0.597, 0.8322
0.597, 0.8316
0.6, 0.8311
0.6, 0.8306
0.6, 0.83
0.6, 0.8295
0.6, 0.8289
0.6, 0.8284
0.5998, 0.8277
0.5998, 0.8273
0.5998, 0.8267
0.6029, 0.8262
0.6029, 0.8256
0.6029, 0.8251
0.6029, 0.8246
0.6029, 0.8239
0.6029, 0.8235
0.6029, 0.8229
0.6029, 0.8224
0.6059, 0.8218
0.6059, 0.8213
0.6059, 0.8208
0.6059, 0.8202
0.6058, 0.8197
0.6058, 0.8191
0.6058, 0.8186
0.6058, 0.818
0.6088, 0.8175
0.6088, 0.8169
0.6088, 0.8164
0.6088, 0.8159
0.6088, 0.8153
0.6088, 0.8148
0.6088, 0.8142
0.6088, 0.8136
0.6087, 0.8131
0.6118, 0.8126
0.6118, 0.8121
0.6117, 0.8115
0.6117, 0.811
0.6117, 0.8104
0.6117, 0.8098
0.6117, 0.8093
0.6117, 0.8088
0.6147, 0.8082
0.6147, 0.8077
0.6147, 0.8072
0.6147, 0.8066
0.6147, 0.8061
0.6147, 0.8054
0.6146, 0.805
0.6146, 0.8044
0.6177, 0.8039
0.6176, 0.8033
0.6176, 0.8028
0.6176, 0.8023
0.6176, 0.8016
0.6176, 0.8012
0.6176, 0.8006
0.6176, 0.8001
0.6176, 0.7995
0.6206, 0.799
0.6206, 0.7984
0.6206, 0.7979
0.6206, 0.7974
0.6205, 0.7968
0.6205, 0.7963
0.6205, 0.7957
0.6205, 0.7952
0.6235, 0.7946
0.6235, 0.7941
0.6235, 0.7934
0.6235, 0.793
0.6235, 0.7925
0.6235, 0.7919
0.6235, 0.7913
0.6235, 0.7908
0.6265, 0.7903
0.6265, 0.7896
0.6265, 0.7892
0.6263, 0.7886
0.6263, 0.7881
0.6263, 0.7875
0.6263, 0.787
0.6263, 0.7865
0.6294, 0.7859
0.6294, 0.7854
0.6294, 0.7848
0.6294, 0.7843
0.6294, 0.7837
0.6294, 0.7832
0.6294, 0.7827
0.6324, 0.7821
0.6324, 0.7816
0.6324, 0.781
0.6322, 0.7805
0.6322, 0.7799
0.6322, 0.7793
0.6322, 0.7788
0.6322, 0.7783
0.6353, 0.7778
0.6353, 0.7772
0.6353, 0.7767
0.6353, 0.7761
0.6353, 0.7755
0.6353, 0.775
0.6353, 0.7745
0.6383, 0.7739
0.6383, 0.7734
0.6383, 0.7729
0.6381, 0.7723
0.6381, 0.7718
0.6381, 0.7711
0.6381, 0.7707
0.6381, 0.7701
0.6412, 0.7696
0.6412, 0.769
0.6412, 0.7685
0.6412, 0.768
0.6412, 0.7673
0.6412, 0.7669
0.6412, 0.7663
0.6442, 0.7658
0.6442, 0.7652
0.6442, 0.7647
0.6441, 0.7641
0.6441, 0.7635
0.6441, 0.7631
0.6441, 0.7625
0.6441, 0.762
0.6471, 0.7614
0.6471, 0.7609
0.6471, 0.7603
0.6471, 0.7598
0.6471, 0.7593
0.6471, 0.7587
0.6471, 0.7582
0.6501, 0.7576
0.6501, 0.757
0.6501, 0.7565
0.65, 0.756
0.65, 0.7553
0.65, 0.7549
0.65, 0.7544
0.653, 0.7538
0.653, 0.7532
0.653, 0.7527
0.653, 0.7522
0.653, 0.7516
0.653, 0.7511
0.653, 0.7505
0.656, 0.75
0.656, 0.7495
0.656, 0.7489
0.656, 0.7484
0.6559, 0.7478
0.6559, 0.7473
0.6559, 0.7467
0.6589, 0.7462
0.6589, 0.7456
0.6589, 0.745
0.6589, 0.7446
0.6589, 0.744
0.6589, 0.7435
0.6589, 0.7429
0.6589, 0.7424
0.6619, 0.7418
0.6619, 0.7412
0.6619, 0.7407
0.6619, 0.7402
0.6618, 0.7397
0.6618, 0.7391
0.6618, 0.7386
0.6648, 0.738
0.6648, 0.7375
0.6648, 0.7368
0.6648, 0.7364
0.6648, 0.7358
0.6648, 0.7353
0.6648, 0.7348
0.6678, 0.7342
0.6678, 0.7337
0.6678, 0.733
0.6678, 0.7326
0.6678, 0.732
0.6677, 0.7315
0.6677, 0.7309
0.6707, 0.7304
0.6707, 0.7299
0.6707, 0.7292
0.6707, 0.7288
0.6707, 0.7282
0.6707, 0.7277
0.6707, 0.7271
0.6737, 0.7266
0.6737, 0.726
0.6737, 0.7255
0.6737, 0.725
0.6737, 0.7244
0.6737, 0.7239
0.6766, 0.7233
0.6766, 0.7227
0.6766, 0.7222
0.6766, 0.7217
0.6766, 0.721
0.6766, 0.7206
0.6766, 0.7201
0.6796, 0.7195
0.6796, 0.7189
0.6796, 0.7184
0.6796, 0.7179
0.6796, 0.7173
0.6796, 0.7168
0.6796, 0.7162
0.6825, 0.7157
0.6825, 0.7151
0.6825, 0.7146
0.6825, 0.7141
0.6825, 0.7135
0.6825, 0.713
0.6856, 0.7124
0.6855, 0.7119
0.6855, 0.7113
0.6855, 0.7107
0.6855, 0.7103
0.6855, 0.7097
0.6855, 0.7092
0.6885, 0.7086
0.6885, 0.7081
0.6885, 0.7075
0.6885, 0.7069
0.6885, 0.7064
0.6885, 0.7059
0.6884, 0.7054
0.6915, 0.7048
0.6915, 0.7043
0.6914, 0.7037
0.6914, 0.7032
0.6914, 0.7026
0.6914, 0.7021
0.6944, 0.7015
0.6944, 0.701
0.6944, 0.7005
0.6944, 0.6999
0.6944, 0.6994
0.6944, 0.6987
0.6944, 0.6983
0.6974, 0.6977
0.6974, 0.6972
0.6974, 0.6966
0.6974, 0.6961
0.6973, 0.6956
0.6973, 0.6949
0.7004, 0.6945
0.7003, 0.6939
0.7003, 0.6934
0.7003, 0.6928
0.7003, 0.6923
0.7003, 0.6918
0.7033, 0.6912
0.7033, 0.6907
0.7033, 0.6901
0.7033, 0.6896
0.7033, 0.689
0.7033, 0.6885
0.7033, 0.6879
0.7063, 0.6874
0.7063, 0.6869
0.7063, 0.6863
0.7062, 0.6858
0.7062, 0.6852
0.7062, 0.6846
0.7092, 0.6841
0.7092, 0.6836
0.7092, 0.683
0.7092, 0.6825
0.7092, 0.682
0.7092, 0.6814
0.7122, 0.6808
0.7122, 0.6803
0.7122, 0.6798
0.7122, 0.6792
0.7122, 0.6787
0.7122, 0.6781
0.7151, 0.6776
0.7151, 0.6771
0.7151, 0.6764
0.7151, 0.676
0.7151, 0.6754
0.7151, 0.6749
0.7181, 0.6743
0.7181, 0.6738
0.7181, 0.6732
0.7181, 0.6726
0.7181, 0.6722
0.7181, 0.6716
0.7181, 0.6711
0.721, 0.6705
0.721, 0.67
0.721, 0.6694
0.721, 0.6689
0.721, 0.6683
0.721, 0.6678
0.7241, 0.6673
0.724, 0.6667
0.724, 0.6662
0.724, 0.6656
0.724, 0.6651
0.724, 0.6644
0.7269, 0.664
0.7269, 0.6634
0.7269, 0.6629
0.7269, 0.6623
0.7269, 0.6618
0.7269, 0.6613
0.73, 0.6606
0.73, 0.6602
0.73, 0.6596
0.73, 0.6591
0.7299, 0.6585
0.733, 0.658
0.733, 0.6575
0.7328, 0.6569
0.7328, 0.6564
0.7328, 0.6558
0.7328, 0.6553
0.7359, 0.6547
0.7359, 0.6542
0.7359, 0.6536
0.7359, 0.6531
0.7359, 0.6526
0.7359, 0.652
0.7389, 0.6515
0.7389, 0.6509
0.7389, 0.6503
0.7389, 0.6498
0.7389, 0.6493
0.7388, 0.6487
0.7419, 0.6482
0.7419, 0.6477
0.7418, 0.6471
0.7418, 0.6465
0.7418, 0.646
0.7448, 0.6455
0.7448, 0.6449
0.7448, 0.6444
0.7448, 0.6438
0.7448, 0.6433
0.7448, 0.6428
0.7478, 0.6421
0.7478, 0.6417
0.7478, 0.6411
0.7478, 0.6406
0.7478, 0.64
0.7478, 0.6395
0.7508, 0.6389
0.7508, 0.6383
0.7508, 0.6379
0.7507, 0.6373
0.7507, 0.6368
0.7507, 0.6362
0.7537, 0.6357
0.7537, 0.6351
0.7537, 0.6346
0.7537, 0.634
0.7537, 0.6335
0.7567, 0.633
0.7567, 0.6324
0.7567, 0.6319
0.7567, 0.6313
0.7567, 0.6308
0.7567, 0.6301
0.7597, 0.6297
0.7597, 0.6291
0.7597, 0.6286
0.7597, 0.628
0.7596, 0.6275
0.7627, 0.627
0.7626, 0.6263
0.7626, 0.6259
0.7626, 0.6253
0.7626, 0.6248
0.7656, 0.6242
0.7656, 0.6237
0.7656, 0.6232
0.7656, 0.6226
0.7656, 0.6221
0.7656, 0.6215
0.7686, 0.621
0.7686, 0.6204
0.7686, 0.6199
0.7686, 0.6193
0.7686, 0.6188
0.7715, 0.6183
0.7715, 0.6177
0.7715, 0.6172
0.7715, 0.6166
0.7715, 0.616
0.7746, 0.6155
0.7745, 0.615
0.7745, 0.6143
0.7745, 0.6139
0.7745, 0.6134
0.7745, 0.6128
0.7774, 0.6122
0.7774, 0.6117
0.7774, 0.6112
0.7774, 0.6106
0.7774, 0.6101
0.7805, 0.6095
0.7805, 0.609
0.7805, 0.6085
0.7805, 0.6078
0.7805, 0.6074
0.7804, 0.6068
0.7835, 0.6063
0.7835, 0.6057
0.7833, 0.6052
0.7833, 0.6046
0.7833, 0.604
0.7864, 0.6036
0.7864, 0.603
0.7864, 0.6025
0.7864, 0.6019
0.7864, 0.6014
0.7894, 0.6008
0.7894, 0.6002
0.7894, 0.5997
0.7894, 0.5992
0.7894, 0.5987
0.7924, 0.5981
0.7924, 0.5976
0.7924, 0.597
0.7924, 0.5965
0.7924, 0.5958
0.7953, 0.5954
0.7953, 0.5948
0.7953, 0.5943
0.7953, 0.5937
0.7953, 0.5932
0.7984, 0.5927
0.7983, 0.592
0.7983, 0.5916
0.7983, 0.591
0.8013, 0.5905
0.8013, 0.5899
0.8013, 0.5894
0.8013, 0.5889
0.8013, 0.5883
0.8043, 0.5878
0.8043, 0.5872
0.8043, 0.5867
0.8043, 0.5861
0.8043, 0.5856
0.8073, 0.585
0.8073, 0.5845
0.8073, 0.584
0.8073, 0.5834
0.8072, 0.5829
0.8103, 0.5823
0.8103, 0.5817
0.8102, 0.5812
0.8102, 0.5807
0.8102, 0.5802
0.8132, 0.5796
0.8132, 0.5791
0.8132, 0.5785
0.8132, 0.5779
0.8132, 0.5774
0.8162, 0.5769
0.8162, 0.5763
0.8162, 0.5758
0.8162, 0.5753
0.8162, 0.5747
0.8192, 0.5742
0.8192, 0.5735
0.8192, 0.5731
0.8192, 0.5725
0.8192, 0.572
0.8222, 0.5714
0.8222, 0.5709
0.8222, 0.5704
0.8221, 0.5697
0.8252, 0.5693
0.8252, 0.5687
0.8251, 0.5682
0.8251, 0.5676
0.8251, 0.5671
0.8281, 0.5665
0.8281, 0.5659
0.8281, 0.5655
0.8281, 0.5649
0.8311, 0.5644
0.8311, 0.5638
0.8311, 0.5633
0.8311, 0.5627
0.8311, 0.5622
0.834, 0.5615
0.834, 0.5611
0.834, 0.5606
0.834, 0.56
0.8371, 0.5594
0.8371, 0.5589
0.8371, 0.5584
0.8371, 0.5577
0.8371, 0.5573
0.8401, 0.5567
0.8401, 0.5562
0.8399, 0.5556
0.8399, 0.5551
0.8399, 0.5546
0.843, 0.554
0.843, 0.5535
0.843, 0.5529
0.843, 0.5524
0.846, 0.5518
0.846, 0.5513
0.846, 0.5508
0.846, 0.5502
0.846, 0.5497
0.849, 0.5491
0.849, 0.5486
0.849, 0.548
0.849, 0.5474
0.8519, 0.5469
0.8519, 0.5464
0.8519, 0.5459
0.8519, 0.5453
0.855, 0.5448
0.855, 0.5442
0.855, 0.5436
0.855, 0.5431
0.858, 0.5426
0.858, 0.542
0.858, 0.5415
0.8578, 0.541
0.8578, 0.5404
0.861, 0.5399
0.8609, 0.5393
0.8609, 0.5388
0.8609, 0.5382
0.8639, 0.5377
0.8639, 0.5371
0.8639, 0.5366
0.8639, 0.5361
0.8669, 0.5354
0.8669, 0.535
0.8669, 0.5344
0.8669, 0.5339
0.8699, 0.5333
0.8699, 0.5328
0.8699, 0.5322
0.8699, 0.5316
0.8699, 0.5312
0.8729, 0.5306
0.8729, 0.5301
0.8729, 0.5295
0.8729, 0.529
0.8759, 0.5284
0.8759, 0.5279
0.8759, 0.5272
0.8758, 0.5268
0.8789, 0.5263
0.8789, 0.5257
0.8788, 0.5252
0.8788, 0.5246
0.8819, 0.5241
0.8818, 0.5234
0.8818, 0.523
0.8818, 0.5224
0.8848, 0.5219
0.8848, 0.5213
0.8848, 0.5208
0.8848, 0.5203
0.8878, 0.5197
0.8878, 0.5192
0.8878, 0.5186
0.8878, 0.5181
0.8908, 0.5175
0.8908, 0.517
0.8908, 0.5165
0.8908, 0.5159
0.8938, 0.5154
0.8938, 0.5148
0.8938, 0.5143
0.8938, 0.5137
0.8968, 0.5131
0.8968, 0.5126
0.8968, 0.5121
0.8968, 0.5116
0.8998, 0.511
0.8998, 0.5105
0.8998, 0.5099
0.9028, 0.5093
0.9028, 0.5088
0.9028, 0.5083
0.9026, 0.5077
0.9058, 0.5072
0.9058, 0.5067
0.9057, 0.5061
0.9057, 0.5056
0.9088, 0.505
0.9087, 0.5045
0.9087, 0.5039
0.9087, 0.5034
0.9117, 0.5028
0.9117, 0.5023
0.9117, 0.5018
0.9117, 0.5011
0.9146, 0.5007
0.9146, 0.5001
0.9146, 0.4996
0.9146, 0.499
0.9177, 0.4985
0.9177, 0.4979
0.9177, 0.4974
0.9207, 0.4969
0.9207, 0.4963
0.9207, 0.4958
0.9207, 0.4952
0.9237, 0.4947
0.9237, 0.4941
0.9237, 0.4936
0.9266, 0.4929
0.9266, 0.4925
0.9266, 0.492
0.9266, 0.4914
0.9297, 0.4909
0.9297, 0.4903
0.9297, 0.4898
0.9297, 0.4892
0.9327, 0.4887
0.9327, 0.4881
0.9327, 0.4876
0.9357, 0.487
0.9357, 0.4865
0.9357, 0.486
0.9356, 0.4854
0.9386, 0.4849
0.9386, 0.4843
0.9386, 0.4838
0.9417, 0.4832
0.9417, 0.4827
0.9416, 0.4822
0.9416, 0.4816
0.9447, 0.4811
0.9445, 0.4805
0.9445, 0.48
0.9477, 0.4794
0.9476, 0.4788
0.9476, 0.4783
0.9476, 0.4778
0.9506, 0.4772
0.9506, 0.4767
0.9506, 0.4762
0.9536, 0.4756
0.9536, 0.4751
0.9536, 0.4745
0.9536, 0.474
0.9566, 0.4734
0.9566, 0.4729
0.9566, 0.4723
0.9596, 0.4718
0.9596, 0.4713
0.9596, 0.4707
0.9626, 0.4702
0.9626, 0.4696
0.9626, 0.4691
0.9656, 0.4685
0.9656, 0.468
0.9656, 0.4674
0.9686, 0.4668
0.9686, 0.4664
0.9686, 0.4658
0.9686, 0.4653
0.9716, 0.4647
0.9716, 0.4642
0.9716, 0.4636
0.9746, 0.4631
0.9746, 0.4625
0.9746, 0.462
0.9776, 0.4615
0.9776, 0.4609
0.9776, 0.4604
0.9806, 0.4598
0.9806, 0.4593
0.9806, 0.4586
0.9836, 0.4582
0.9836, 0.4576
0.9836, 0.4571
0.9866, 0.4566
0.9866, 0.456
0.9866, 0.4555
0.9866, 0.4549
0.9896, 0.4544
0.9896, 0.4538
0.9896, 0.4533
0.9926, 0.4527
0.9926, 0.4522
0.9926, 0.4517
0.9956, 0.4511
0.9956, 0.4506
0.9956, 0.45
0.9986, 0.4495
0.9986, 0.4489
0.9986, 0.4484
1.0016, 0.4478
1.0016, 0.4473
1.0016, 0.4468
1.0046, 0.4462
1.0046, 0.4457
1.0046, 0.4451
1.0076, 0.4445
1.0076, 0.444
1.0106, 0.4435
1.0106, 0.4429
1.0106, 0.4424
1.0136, 0.4419
1.0136, 0.4413
1.0136, 0.4408
1.0166, 0.4402
1.0166, 0.4397
1.0166, 0.4391
1.0196, 0.4386
1.0196, 0.438
1.0196, 0.4375
1.0226, 0.437
1.0226, 0.4364
1.0226, 0.4359
1.0256, 0.4353
1.0256, 0.4348
1.0256, 0.4342
1.0286, 0.4337
1.0286, 0.4331
1.0316, 0.4325
1.0316, 0.4321
1.0316, 0.4315
1.0346, 0.431
1.0346, 0.4304
1.0346, 0.4299
1.0376, 0.4293
1.0376, 0.4288
1.0376, 0.4282
1.0406, 0.4277
1.0406, 0.4272
1.0436, 0.4266
1.0436, 0.4261
1.0436, 0.4255
1.0466, 0.425
1.0466, 0.4243
1.0496, 0.4239
1.0496, 0.4233
1.0496, 0.4228
1.0526, 0.4223
1.0526, 0.4217
1.0556, 0.4212
1.0556, 0.4205
1.0556, 0.4201
1.0586, 0.4195
1.0586, 0.419
1.0586, 0.4184
1.0616, 0.4179
1.0616, 0.4174
1.0646, 0.4168
1.0646, 0.4163
1.0646, 0.4157
1.0676, 0.4152
1.0676, 0.4146
1.0706, 0.4141
1.0706, 0.4135
1.0706, 0.413
1.0735, 0.4123
1.0735, 0.4119
1.0766, 0.4114
1.0766, 0.4108
1.0766, 0.4102
1.0796, 0.4097
1.0796, 0.4092
1.0826, 0.4086
1.0826, 0.4081
1.0826, 0.4075
1.0826, 0.407
1.0856, 0.4064
1.0887, 0.4059
1.0886, 0.4054
1.0917, 0.4048
1.0916, 0.4043
1.0947, 0.4037
1.0947, 0.4032
1.0977, 0.4026
1.0977, 0.4021
1.0977, 0.4016
1.0976, 0.401
1.1007, 0.4005
1.1037, 0.3999
1.1037, 0.3994
1.1067, 0.3988
1.1067, 0.3982
1.1097, 0.3977
1.1097, 0.3972
1.1097, 0.3967
1.1097, 0.3961
1.1127, 0.3956
1.1157, 0.395
1.1157, 0.3945
1.1187, 0.3939
1.1187, 0.3934
1.1217, 0.3928
1.1217, 0.3923
1.1247, 0.3918
1.1247, 0.3912
1.1247, 0.3907
1.1247, 0.3901
1.1277, 0.3896
1.1277, 0.389
1.1307, 0.3885
1.1307, 0.3879
1.1337, 0.3874
1.1337, 0.3869
1.1368, 0.3862
1.1367, 0.3858
1.1398, 0.3852
1.1398, 0.3847
1.1428, 0.3841
1.1428, 0.3836
1.1458, 0.383
1.1458, 0.3825
1.1488, 0.3819
1.1488, 0.3814
1.1518, 0.3814
1.1518, 0.3809
1.1548, 0.3803
1.1578, 0.3798
1.1578, 0.3792
1.1609, 0.3787
1.1608, 0.378
1.1639, 0.3776
1.1639, 0.377
1.1669, 0.3765
1.1669, 0.376
1.1669, 0.3754
1.1699, 0.3749
1.1699, 0.3743
1.1729, 0.3743
1.1729, 0.3738
1.1759, 0.3732
1.1789, 0.3727
1.1789, 0.3721
1.1789, 0.3716
1.1819, 0.3711
1.1819, 0.3705
1.1849, 0.3705
1.1849, 0.37
1.1879, 0.3694
1.191, 0.3689
1.191, 0.3683
1.194, 0.3678
1.194, 0.3672
1.194, 0.3667
1.197, 0.3662
1.2, 0.3656
1.203, 0.3651
1.203, 0.3645
1.206, 0.3639
1.206, 0.3634
1.206, 0.3629
1.209, 0.3623
1.212, 0.3618
1.2151, 0.3612
1.2151, 0.3607
1.2181, 0.3602
1.2181, 0.3596
1.2181, 0.3591
1.2211, 0.3585
1.2241, 0.358
1.2271, 0.3574
1.2271, 0.3569
1.2301, 0.3563
1.2301, 0.3558
1.2301, 0.3553
1.2331, 0.3547
1.2361, 0.3542
1.2392, 0.3536
1.2392, 0.3531
1.2422, 0.3525
1.2422, 0.3519
1.2422, 0.3514
1.2452, 0.3509
1.2482, 0.3504
1.2511, 0.3498
1.2511, 0.3493
1.2542, 0.3487
1.2542, 0.3482
1.2542, 0.3476
1.2572, 0.3471
1.2602, 0.3465
1.2633, 0.346
1.2631, 0.3454
1.2663, 0.3449
1.2663, 0.3444
1.2662, 0.3437
1.2692, 0.3433
1.2723, 0.3427
1.2753, 0.3422
1.2753, 0.3416
1.2783, 0.3411
1.2783, 0.3405
1.2783, 0.34
1.2812, 0.3395
1.2843, 0.3389
1.2873, 0.3384
1.2873, 0.3378
1.2873, 0.3373
1.2904, 0.3367
1.2934, 0.3362
1.2964, 0.3356
1.2964, 0.3351
1.2964, 0.3346
1.2993, 0.334
1.2993, 0.3335
1.3024, 0.3335
1.3024, 0.3329
1.3054, 0.3324
1.3084, 0.3317
1.3084, 0.3313
1.3084, 0.3307
1.3114, 0.3302
1.3145, 0.3296
1.3175, 0.3291
1.3175, 0.3286
1.3175, 0.328
1.3205, 0.3275
1.3235, 0.3269
1.3265, 0.3264
1.3265, 0.3258
1.3295, 0.3253
1.3295, 0.3247
1.3295, 0.3242
1.3325, 0.3237
1.3356, 0.3231
1.3386, 0.3226
1.3386, 0.322
1.3385, 0.3215
1.3416, 0.3209
1.3446, 0.3204
1.3476, 0.3197
1.3476, 0.3193
1.3506, 0.3188
1.3506, 0.3182
1.3536, 0.3176
1.3566, 0.3171
1.3566, 0.3166
1.3566, 0.316
1.3596, 0.3155
1.3627, 0.3149
1.3657, 0.3144
1.3657, 0.3139
1.3657, 0.3133
1.3687, 0.3128
1.3717, 0.3122
1.3747, 0.3117
1.3747, 0.3111
1.3747, 0.3106
1.3777, 0.31
1.3807, 0.3094
1.3838, 0.3089
1.3838, 0.3084
1.3837, 0.3079
1.3868, 0.3073
1.3898, 0.3068
1.3928, 0.3062
1.3928, 0.3057
1.3928, 0.3051
1.3958, 0.3046
1.3988, 0.304
1.4018, 0.3035
1.4018, 0.303
1.4018, 0.3024
1.4048, 0.3019
1.4079, 0.3013
1.4109, 0.3008
1.4109, 0.3002
1.4139, 0.2997
1.4169, 0.2991
1.4169, 0.2986
1.4199, 0.2981
1.4199, 0.2974
1.4229, 0.297
1.426, 0.2964
1.4259, 0.2959
1.4259, 0.2953
1.429, 0.2948
1.432, 0.2942
1.435, 0.2937
1.435, 0.2931
1.438, 0.2926
1.441, 0.2921
1.441, 0.2915
1.441, 0.291
1.444, 0.2904
1.447, 0.2899
1.4501, 0.2893
1.45, 0.2888
1.4531, 0.2882
1.4561, 0.2877
1.4561, 0.2872
1.4561, 0.2866
1.4591, 0.2861
1.4621, 0.2854
1.4651, 0.285
1.4681, 0.2844
1.4681, 0.2839
1.4712, 0.2839
1.4712, 0.2833
1.4711, 0.2828
1.4711, 0.2823
1.4742, 0.2817
1.4772, 0.2812
1.4802, 0.2806
1.4832, 0.2801
1.4832, 0.2795
1.4862, 0.2795
1.4862, 0.279
1.4862, 0.2784
1.4862, 0.2779
1.4892, 0.2774
1.4892, 0.2768
1.4922, 0.2763
1.4953, 0.2757
1.4983, 0.2752
1.5013, 0.2746
1.5013, 0.2741
1.5013, 0.2735
1.5043, 0.2735
1.5072, 0.273
1.5103, 0.2724
1.5103, 0.2719
1.5133, 0.2719
1.5133, 0.2713
1.5133, 0.2708
1.5164, 0.2703
1.5194, 0.2697
1.5194, 0.2692
1.5224, 0.2686
1.5253, 0.2681
1.5253, 0.2675
1.5253, 0.267
1.5284, 0.2665
1.5284, 0.2659
1.5314, 0.2654
1.5344, 0.2648
1.5344, 0.2643
1.5375, 0.2637
1.5405, 0.2631
1.5405, 0.2626
1.5434, 0.2621
1.5465, 0.2615
1.5495, 0.261
1.5525, 0.2605
1.5556, 0.2599
1.5556, 0.2594
1.5586, 0.2594
1.5586, 0.2588
1.5615, 0.2583
1.5615, 0.2577
1.5646, 0.2577
1.5646, 0.2572
1.5646, 0.2566
1.5646, 0.2561
1.5676, 0.2556
1.5706, 0.255
1.5706, 0.2545
1.5735, 0.2539
1.5766, 0.2534
1.5796, 0.2528
1.5827, 0.2523
1.5857, 0.2517
1.5887, 0.2511
1.5887, 0.2507
1.5918, 0.2507
1.5917, 0.2501
1.5917, 0.2496
1.5917, 0.249
1.5947, 0.2485
1.5977, 0.2479
1.5977, 0.2474
1.6008, 0.2468
1.6038, 0.2463
1.6068, 0.2457
1.6098, 0.2452
1.6128, 0.2447
1.6159, 0.2441
1.6159, 0.2436
1.6189, 0.2436
1.6189, 0.2429
1.6189, 0.2425
1.6189, 0.2419
1.6219, 0.2414
1.6249, 0.2408
1.6279, 0.2403
1.6309, 0.2398
1.634, 0.2392
1.6339, 0.2387
1.6339, 0.2381
1.637, 0.2376
1.64, 0.2376
1.64, 0.237
1.643, 0.237
1.643, 0.2365
1.643, 0.2359
1.646, 0.2354
1.649, 0.2354
1.649, 0.2349
1.6521, 0.2348
1.652, 0.2343
1.652, 0.2338
1.6551, 0.2332
1.6581, 0.2327
1.6611, 0.2321
1.6641, 0.2316
1.6671, 0.231
1.6671, 0.2305
1.6671, 0.2299
1.6701, 0.2294
1.6732, 0.2294
1.6732, 0.2288
1.6762, 0.2288
1.6762, 0.2283
1.6762, 0.2278
1.6792, 0.2272
1.6822, 0.2272
1.6822, 0.2267
1.6852, 0.2267
1.6883, 0.2261
1.6913, 0.2256
1.6913, 0.225
1.6943, 0.225
1.6943, 0.2245
1.6973, 0.224
1.6973, 0.2234
1.6973, 0.2229
1.7003, 0.2223
1.7033, 0.2223
1.7033, 0.2218
1.7064, 0.2218
1.7094, 0.2212
1.7124, 0.2207
1.7124, 0.2201
1.7154, 0.2201
1.7154, 0.2196
1.7184, 0.219
1.7184, 0.2185
1.7184, 0.218
1.7214, 0.2174
1.7245, 0.2174
1.7244, 0.2169
1.7275, 0.2169
1.7305, 0.2163
1.7335, 0.2158
1.7335, 0.2152
1.7365, 0.2147
1.7395, 0.2141
1.7426, 0.2136
1.7456, 0.2131
1.7486, 0.2125
1.7486, 0.212
1.7486, 0.2114
1.7516, 0.2109
1.7546, 0.2109
1.7546, 0.2103
1.7577, 0.2103
1.7607, 0.2098
1.7637, 0.2092
1.7637, 0.2086
1.7637, 0.2081
1.7667, 0.2076
1.7697, 0.2071
1.7727, 0.2065
1.7758, 0.206
1.7788, 0.2054
1.7818, 0.2054
1.7818, 0.2049
1.7848, 0.2049
1.7877, 0.2043
1.7909, 0.2038
1.7939, 0.2032
1.7969, 0.2032
1.7969, 0.2027
1.7969, 0.2022
1.7969, 0.2016
1.7999, 0.2011
1.8029, 0.2005
1.8058, 0.2
1.809, 0.1994
1.812, 0.1994
1.815, 0.1994
1.8181, 0.1994
1.8211, 0.1989
1.8241, 0.1983
1.8271, 0.1978
1.8271, 0.1972
1.83, 0.1972
1.83, 0.1967
1.8332, 0.1967
1.8332, 0.1962
1.8362, 0.1962
1.8362, 0.1956
1.8392, 0.1956
1.8422, 0.1951
1.8452, 0.1945
1.8483, 0.194
1.8513, 0.1934
1.8542, 0.1929
1.8573, 0.1923
1.8603, 0.1918
1.8603, 0.1912
1.8603, 0.1907
1.8603, 0.1902
1.8633, 0.1896
1.8664, 0.1891
1.8694, 0.1885
1.8723, 0.1885
1.8754, 0.188
1.8784, 0.1874
1.8815, 0.1874
1.8845, 0.1869
1.8875, 0.1863
1.8875, 0.1858
1.8904, 0.1853
1.8935, 0.1847
1.8965, 0.1847
1.8996, 0.1842
1.9026, 0.1836
1.9056, 0.1836
1.9087, 0.1831
1.9117, 0.1831
1.9146, 0.1831
1.9178, 0.1825
1.9177, 0.182
1.9207, 0.182
1.9207, 0.1814
1.9238, 0.1809
1.9268, 0.1803
1.9298, 0.1798
1.9329, 0.1798
1.9359, 0.1798
1.9388, 0.1792
1.9388, 0.1787
1.9419, 0.1787
1.9419, 0.1782
1.9449, 0.1776
1.948, 0.1771
1.951, 0.1764
1.954, 0.176
1.9569, 0.176
1.9569, 0.1754
1.96, 0.1754
1.963, 0.1749
1.9661, 0.1743
1.9691, 0.1738
1.9721, 0.1733
1.9752, 0.1733
1.975, 0.1727
1.9782, 0.1727
1.9811, 0.1722
1.9842, 0.1716
1.9872, 0.1711
1.9903, 0.1705
1.9933, 0.1705
1.9933, 0.17
1.9963, 0.17
1.9992, 0.1694
2.0023, 0.1689
2.0054, 0.1689
2.0084, 0.1689
2.0114, 0.1683
2.0114, 0.1678
2.0145, 0.1678
2.0144, 0.1673
2.0175, 0.1667
2.0205, 0.1662
2.0235, 0.1656
2.0265, 0.1656
2.0265, 0.1651
2.0296, 0.1651
2.0326, 0.1645
2.0356, 0.164
2.0386, 0.1634
2.0416, 0.1634
2.0416, 0.1629
2.0447, 0.1629
2.0477, 0.1623
2.0507, 0.1618
2.0537, 0.1613
2.0568, 0.1613
2.0567, 0.1607
2.0598, 0.1607
2.0628, 0.1602
2.0658, 0.1596
2.0688, 0.1591
2.0719, 0.1591
2.0719, 0.1585
2.0749, 0.1585
2.0779, 0.158
2.0809, 0.1574
2.084, 0.1574
2.0839, 0.1569
2.087, 0.1569
2.09, 0.1562
2.093, 0.1562
2.0961, 0.1558
2.0991, 0.1553
2.1021, 0.1553
2.1051, 0.1547
2.1081, 0.1542
2.1112, 0.1542
2.1142, 0.1536
2.1172, 0.1531
2.1202, 0.1531
2.1233, 0.1525
2.1263, 0.152
2.1293, 0.152
2.1323, 0.1514
2.1354, 0.1514
2.1384, 0.1509
2.1414, 0.1503
2.1444, 0.1503
2.1475, 0.1498
2.1505, 0.1492
2.1535, 0.1492
2.1565, 0.1487
2.1596, 0.1487
2.1626, 0.1482
2.1656, 0.1482
2.1686, 0.1476
2.1717, 0.1476
2.1747, 0.1471
2.1777, 0.1471
2.1807, 0.1465
2.1838, 0.1465
2.1868, 0.146
2.1898, 0.146
2.1928, 0.1454
2.1959, 0.1454
2.1989, 0.1449
2.2019, 0.1449
2.2049, 0.1443
2.208, 0.1443
2.211, 0.1438
2.214, 0.1438
2.2171, 0.1438
2.2201, 0.1432
2.2231, 0.1432
2.2261, 0.1427
2.2292, 0.1427
2.2322, 0.1427
2.2352, 0.1421
2.2382, 0.1421
2.2413, 0.1416
2.2443, 0.1416
2.2473, 0.1416
2.2503, 0.1411
2.2534, 0.1411
2.2564, 0.1411
2.2594, 0.1405
2.2625, 0.1405
2.2655, 0.1405
2.2685, 0.14
2.2715, 0.14
2.2746, 0.14
2.2776, 0.1394
2.2806, 0.1394
2.2837, 0.1394
2.2867, 0.1394
2.2897, 0.1389
2.2927, 0.1389
2.2958, 0.1389
2.2988, 0.1383
2.3018, 0.1383
2.3048, 0.1383
2.3079, 0.1378
2.3109, 0.1378
2.3139, 0.1378
2.317, 0.1378
2.32, 0.1372
2.323, 0.1372
2.326, 0.1372
2.3291, 0.1372
2.3321, 0.1367
2.3351, 0.1367
2.3382, 0.1367
2.3412, 0.136
2.3442, 0.136
2.3472, 0.136
2.3503, 0.136
2.3533, 0.1356
2.3563, 0.1356
2.3594, 0.1356
2.3624, 0.135
2.3654, 0.135
2.3684, 0.135
2.3715, 0.1345
2.3745, 0.1345
2.3775, 0.1345
2.3805, 0.1345
2.3836, 0.1339
2.3866, 0.1339
2.3896, 0.1339
2.3927, 0.1334
2.3957, 0.1334
2.3987, 0.1334
2.4017, 0.1328
2.4048, 0.1328
2.4078, 0.1328
2.4108, 0.1323
2.4138, 0.1323
2.4169, 0.1323
2.4199, 0.1317
2.4229, 0.1317
2.426, 0.1317
2.429, 0.1312
2.432, 0.1312
2.435, 0.1307
2.4381, 0.1307
2.4411, 0.1307
2.4441, 0.1301
2.4471, 0.1301
2.4502, 0.1301
2.4532, 0.1296
2.4562, 0.1296
2.4592, 0.129
2.4623, 0.129
2.4653, 0.129
2.4683, 0.1285
2.4714, 0.1285
2.4744, 0.1279
2.4774, 0.1279
2.4804, 0.1279
2.4835, 0.1274
2.4865, 0.1274
2.4895, 0.1268
2.4925, 0.1268
2.4956, 0.1268
2.4986, 0.1263
2.5016, 0.1263
2.5046, 0.1257
2.5077, 0.1257
2.5107, 0.1257
2.5137, 0.1252
2.5168, 0.1252
2.5198, 0.1246
2.5228, 0.1246
2.5258, 0.1246
2.5289, 0.1241
2.5319, 0.1241
2.5349, 0.1235
2.5379, 0.1235
2.541, 0.1235
2.544, 0.123
2.547, 0.123
2.55, 0.1225
2.5531, 0.1225
2.5561, 0.1225
2.5591, 0.1219
2.5622, 0.1219
2.5652, 0.1214
2.5682, 0.1214
2.5712, 0.1214
2.5743, 0.1208
2.5773, 0.1208
2.5803, 0.1203
2.5833, 0.1203
2.5864, 0.1203
2.5894, 0.1197
2.5924, 0.1197
2.5954, 0.1192
2.5985, 0.1192
2.6015, 0.1186
2.6045, 0.1186
2.6076, 0.1186
2.6106, 0.1181
2.6136, 0.1181
2.6166, 0.1175
2.6197, 0.1175
2.6227, 0.1175
2.6257, 0.117
2.6287, 0.117
2.6318, 0.1164
2.6348, 0.1164
2.6378, 0.1159
2.6409, 0.1159
2.6439, 0.1159
2.6469, 0.1154
2.6499, 0.1153
2.653, 0.1148
2.656, 0.1148
2.659, 0.1148
2.662, 0.1143
2.6651, 0.1143
2.6681, 0.1137
2.6711, 0.1137
2.6741, 0.1132
2.6772, 0.1132
2.6802, 0.1132
2.6832, 0.1126
2.6863, 0.1126
2.6893, 0.1121
2.6923, 0.1121
2.6953, 0.1121
2.6984, 0.1115
2.7014, 0.1115
2.7044, 0.111
2.7074, 0.111
2.7105, 0.1104
2.7135, 0.1104
2.7165, 0.1104
2.7195, 0.1099
2.7226, 0.1099
2.7256, 0.1093
2.7286, 0.1093
2.7317, 0.1093
2.7347, 0.1088
2.7377, 0.1088
2.7407, 0.1082
2.7438, 0.1082
2.7468, 0.1082
2.7498, 0.1077
2.7528, 0.1077
2.7559, 0.1072
2.7589, 0.1072
2.7619, 0.1066
2.7649, 0.1066
2.768, 0.1066
2.771, 0.1061
2.774, 0.1061
2.777, 0.1055
2.7801, 0.1055
2.7831, 0.1055
2.7861, 0.105
2.7892, 0.105
2.7922, 0.1044
2.7952, 0.1044
2.7982, 0.1044
2.8013, 0.1039
2.8043, 0.1039
2.8073, 0.1033
2.8103, 0.1033
2.8134, 0.1028
2.8164, 0.1028
2.8194, 0.1028
2.8224, 0.1022
2.8255, 0.1022
2.8285, 0.1017
2.8315, 0.1017
2.8346, 0.1017
2.8376, 0.1011
2.8406, 0.1011
2.8436, 0.1006
2.8467, 0.1006
2.8497, 0.1006
2.8527, 0.1
2.8557, 0.1
2.8588, 0.0995
2.8618, 0.0995
2.8648, 0.099
2.8678, 0.099
2.8709, 0.099
2.8739, 0.0984
2.8769, 0.0984
2.8799, 0.0979
2.883, 0.0979
2.886, 0.0979
2.889, 0.0973
2.8921, 0.0973
2.8951, 0.0968
2.8981, 0.0968
2.9011, 0.0968
2.9042, 0.0962
2.9072, 0.0962
2.9102, 0.0962
2.9132, 0.0957
2.9163, 0.0957
2.9193, 0.0951
2.9223, 0.0951
2.9254, 0.0951
2.9284, 0.0946
2.9314, 0.0946
2.9344, 0.094
2.9375, 0.094
2.9405, 0.094
2.9435, 0.0935
2.9465, 0.0935
2.9496, 0.0929
2.9526, 0.0929
2.9556, 0.0929
2.9586, 0.0924
2.9617, 0.0924
2.9647, 0.0924
2.9677, 0.0918
2.9708, 0.0918
2.9738, 0.0913
2.9768, 0.0913
2.9798, 0.0913
2.9828, 0.0908
2.9859, 0.0908
2.9889, 0.0902
2.9919, 0.0902
2.995, 0.0902
2.998, 0.0897
3.001, 0.0897
3.004, 0.0891
3.0071, 0.0891
3.0101, 0.0891
3.0131, 0.0886
3.0162, 0.0886
3.0192, 0.088
3.0222, 0.088
3.0252, 0.088
3.0283, 0.0875
3.0313, 0.0875
3.0343, 0.0869
3.0373, 0.0869
3.0404, 0.0869
3.0434, 0.0864
3.0464, 0.0864
3.0493, 0.0858
3.0525, 0.0858
3.0555, 0.0858
3.0585, 0.0853
3.0616, 0.0853
3.0646, 0.0847
3.0676, 0.0847
3.0706, 0.0842
3.0737, 0.0842
3.0767, 0.0842
3.0796, 0.0836
3.0827, 0.0836
3.0858, 0.0831
3.0888, 0.0831
3.0918, 0.0826
3.0948, 0.0826
3.0979, 0.082
3.1009, 0.082
3.1039, 0.0815
3.107, 0.0815
3.11, 0.0809
3.113, 0.0809
3.116, 0.0804
3.1191, 0.0804
3.1221, 0.0798
3.1251, 0.0798
3.128, 0.0793
3.1312, 0.0793
3.1342, 0.0787
3.1372, 0.0787
3.1402, 0.0782
3.1433, 0.0782
3.1463, 0.0776
3.1493, 0.0776
3.1522, 0.0771
3.1554, 0.0771
3.1584, 0.0765
3.1614, 0.076
3.1644, 0.076
3.1675, 0.0755
3.1705, 0.0755
3.1735, 0.0749
3.1764, 0.0749
3.1796, 0.0744
3.1826, 0.0744
3.1856, 0.0738
3.1886, 0.0738
3.1917, 0.0733
3.1947, 0.0733
3.1977, 0.0727
3.2006, 0.0722
3.2038, 0.0722
3.2068, 0.0716
3.2098, 0.0716
3.2128, 0.0711
3.2159, 0.0711
3.2189, 0.0705
3.2219, 0.07
3.2248, 0.07
3.228, 0.0695
3.231, 0.0695
3.234, 0.0689
3.237, 0.0689
3.2401, 0.0684
3.2431, 0.0684
3.2461, 0.0678
3.249, 0.0673
3.2522, 0.0673
3.2551, 0.0667
3.2582, 0.0667
3.2612, 0.0662
3.2643, 0.0662
3.2673, 0.0656
3.2703, 0.0651
3.2732, 0.0651
3.2764, 0.0645
3.2793, 0.0645
3.2824, 0.064
3.2854, 0.064
3.2885, 0.0634
3.2915, 0.0634
3.2945, 0.0629
3.2974, 0.0624
3.3006, 0.0624
3.3035, 0.0618
3.3066, 0.0618
3.3096, 0.0613
3.3127, 0.0613
3.3157, 0.0607
3.3187, 0.0607
3.3216, 0.0602
3.3248, 0.0602
3.3277, 0.0596
3.3308, 0.0591
3.3338, 0.0591
3.3369, 0.0585
3.3399, 0.0585
3.3429, 0.058
3.3458, 0.058
3.349, 0.0574
3.3519, 0.0574
3.355, 0.0569
3.358, 0.0569
3.3611, 0.0563
3.3641, 0.0563
3.3671, 0.0558
3.37, 0.0558
3.3732, 0.0553
3.3761, 0.0553
3.3792, 0.0547
3.3822, 0.0547
3.3853, 0.0542
3.3883, 0.0542
3.3913, 0.0536
3.3942, 0.0536
3.3974, 0.0531
3.4003, 0.0531
3.4034, 0.0525
3.4064, 0.0525
3.4095, 0.052
3.4125, 0.052
3.4155, 0.0514
3.4186, 0.0514
3.4216, 0.0509
3.4245, 0.0509
3.4276, 0.0509
3.4307, 0.0503
3.4337, 0.0503
3.4367, 0.0498
3.4397, 0.0498
3.4428, 0.0492
3.4458, 0.0492
3.4487, 0.0492
3.4518, 0.0487
3.4549, 0.0487
3.4579, 0.0482
3.4609, 0.0482
3.464, 0.0482
3.467, 0.0476
3.47, 0.0476
3.4729, 0.0476
3.4761, 0.0471
3.4791, 0.0471
3.4821, 0.0471
3.4851, 0.0465
3.4882, 0.0465
3.4912, 0.0465
3.4942, 0.046
3.4973, 0.046
3.5003, 0.046
3.5032, 0.0454
3.5063, 0.0454
3.5093, 0.0454
3.5124, 0.0449
3.5154, 0.0449
3.5184, 0.0449
3.5215, 0.0443
3.5245, 0.0443
3.5274, 0.0443
3.5306, 0.0438
3.5335, 0.0438
3.5366, 0.0438
3.5396, 0.0432
3.5427, 0.0432
3.5457, 0.0432
3.5487, 0.0427
3.5516, 0.0427
3.5548, 0.0427
3.5577, 0.0421
3.5608, 0.0421
3.5638, 0.0421
3.5669, 0.0416
3.5699, 0.0416
3.5729, 0.0416
3.576, 0.041
3.579, 0.041
3.5819, 0.041
3.585, 0.0405
3.588, 0.0405
3.5911, 0.0405
3.5941, 0.0399
3.5972, 0.0399
3.6002, 0.0399
3.6032, 0.0399
3.6061, 0.0394
3.6093, 0.0394
3.6122, 0.0394
3.6153, 0.0389
3.6183, 0.0389
3.6214, 0.0389
3.6244, 0.0388
3.6274, 0.0383
3.6305, 0.0383
3.6335, 0.0383
3.6364, 0.0383
3.6395, 0.0378
3.6425, 0.0378
3.6456, 0.0378
3.6486, 0.0372
3.6517, 0.0372
3.6547, 0.0372
3.6577, 0.0372
3.6606, 0.0367
3.6638, 0.0367
3.6667, 0.0367
3.6698, 0.0367
3.6729, 0.0361
3.6759, 0.0361
3.6789, 0.0361
3.682, 0.0361
3.685, 0.0361
3.688, 0.0356
3.6909, 0.0356
3.6941, 0.0356
3.6971, 0.0356
3.7001, 0.035
3.7031, 0.035
3.7062, 0.035
3.7092, 0.035
3.7122, 0.035
3.7153, 0.0345
3.7183, 0.0345
3.7213, 0.0345
3.7244, 0.0345
3.7274, 0.0339
3.7304, 0.0339
3.7334, 0.0339
3.7365, 0.0339
3.7395, 0.0339
3.7425, 0.0339
3.7455, 0.0334
3.7486, 0.0334
3.7516, 0.0334
3.7546, 0.0334
3.7577, 0.0334
3.7607, 0.0334
3.7637, 0.0328
3.7668, 0.0328
3.7698, 0.0328
3.7728, 0.0328
3.7758, 0.0328
3.7789, 0.0328
3.7819, 0.0323
3.7849, 0.0323
3.788, 0.0323
3.791, 0.0323
3.794, 0.0323
3.7971, 0.0323
3.8001, 0.0317
3.8031, 0.0317
3.8061, 0.0317
3.8092, 0.0317
3.8122, 0.0317
3.8152, 0.0317
3.8183, 0.0317
3.8213, 0.0317
3.8243, 0.0317
3.8273, 0.0312
3.8304, 0.0312
3.8334, 0.0312
3.8364, 0.0312
3.8395, 0.0312
3.8425, 0.0312
3.8455, 0.0312
3.8486, 0.0312
3.8516, 0.0312
3.8546, 0.0312
3.8577, 0.0312
3.8607, 0.0312
3.8637, 0.0312
3.8667, 0.0306
3.8698, 0.0306
3.8728, 0.0306
3.8758, 0.0306
3.8789, 0.0306
3.8819, 0.0306
3.8849, 0.0306
3.888, 0.0306
3.891, 0.0306
3.894, 0.0306
3.897, 0.0306
3.9001, 0.0306
3.9031, 0.0306
3.9061, 0.0306
3.9092, 0.0311
3.9122, 0.0311
3.9152, 0.0311
3.9183, 0.0311
3.9213, 0.0311
3.9243, 0.0311
3.9274, 0.0311
3.9304, 0.0317
3.9334, 0.0317
3.9365, 0.0317
3.9395, 0.0317
3.9425, 0.0317
3.9456, 0.0317
3.9485, 0.0322
3.9516, 0.0322
3.9546, 0.0322
3.9577, 0.0322
3.9607, 0.0328
3.9638, 0.0328
3.9668, 0.0328
3.9698, 0.0328
3.9729, 0.0333
3.9759, 0.0333
3.9788, 0.0333
3.982, 0.0333
3.9849, 0.0338
3.988, 0.0338
3.991, 0.0338
3.9941, 0.0344
3.9971, 0.0344
4.0002, 0.0344
4.0032, 0.0349
4.0063, 0.0349
4.0093, 0.0349
4.0123, 0.0349
4.0153, 0.0349
4.0184, 0.0355
4.0214, 0.0355
4.0214, 0.036
4.0245, 0.036
4.0275, 0.036
4.0305, 0.036
4.0336, 0.0365
4.0366, 0.0365
4.0396, 0.0365
4.0427, 0.0371
4.0457, 0.0371
4.0487, 0.0371
4.0518, 0.0371
4.0548, 0.0376
4.0578, 0.0376
4.0609, 0.0376
4.0639, 0.0376
4.0669, 0.0382
4.07, 0.0382
4.073, 0.0382
4.076, 0.0382
4.0791, 0.0382
4.0821, 0.0382
4.0851, 0.0387
4.0882, 0.0387
4.0912, 0.0387
4.0942, 0.0387
4.0973, 0.0387
4.1003, 0.0387
4.1033, 0.0387
4.1064, 0.0387
4.1094, 0.0387
4.1124, 0.0387
4.1154, 0.0387
4.1185, 0.0387
4.1215, 0.0387
4.1245, 0.0387
4.1276, 0.0387
4.1306, 0.0387
4.1336, 0.0387
4.1367, 0.0387
4.1397, 0.0387
4.1427, 0.0381
4.1457, 0.0381
4.1488, 0.0381
4.1518, 0.0381
4.1548, 0.0376
4.1579, 0.0376
4.1609, 0.0376
4.1639, 0.0376
4.1669, 0.037
4.17, 0.037
4.173, 0.037
4.176, 0.0365
4.1791, 0.0365
4.1821, 0.0365
4.1851, 0.036
4.1881, 0.0359
4.1912, 0.0354
4.1942, 0.0354
4.1972, 0.0354
4.2002, 0.0349
4.2033, 0.0349
4.2063, 0.0349
4.2093, 0.0343
4.2124, 0.0343
4.2154, 0.0338
4.2184, 0.0338
4.2214, 0.0332
4.2245, 0.0332
4.2275, 0.0332
4.2305, 0.0327
4.2335, 0.0327
4.2366, 0.0321
4.2396, 0.0321
4.2426, 0.0321
4.2456, 0.0316
4.2487, 0.0316
4.2517, 0.031
4.2547, 0.031
4.2578, 0.031
4.2608, 0.0305
4.2638, 0.0305
4.2668, 0.0299
4.2699, 0.0299
4.2729, 0.0299
4.2759, 0.0294
4.2789, 0.0294
4.282, 0.0294
4.285, 0.0294
4.288, 0.0288
4.2911, 0.0288
4.2941, 0.0288
4.2971, 0.0288
4.3001, 0.0283
4.3032, 0.0283
4.3062, 0.0283
4.3092, 0.0283
4.3123, 0.0283
4.3153, 0.0283
4.3183, 0.0277
4.3213, 0.0277
4.3244, 0.0277
4.3274, 0.0277
4.3304, 0.0277
4.3335, 0.0277
4.3365, 0.0277
4.3395, 0.0277
4.3426, 0.0277
4.3456, 0.0272
4.3486, 0.0272
4.3516, 0.0272
4.3547, 0.0272
4.3577, 0.0272
4.3607, 0.0272
4.3638, 0.0272
4.3668, 0.0272
4.3698, 0.0272
4.3729, 0.0272
4.3759, 0.0272
4.3789, 0.0272
4.382, 0.0272
4.385, 0.0272
4.388, 0.0272
4.391, 0.0272
4.3941, 0.0272
4.3971, 0.0272
4.4001, 0.0272
4.4032, 0.0272
4.4062, 0.0272
4.4092, 0.0272
4.4123, 0.0277
4.4153, 0.0277
4.4183, 0.0277
4.4214, 0.0277
4.4243, 0.0277
4.4274, 0.0277
4.4304, 0.0277
4.4335, 0.0277
4.4365, 0.0277
4.4396, 0.0277
4.4426, 0.0277
4.4456, 0.0277
4.4485, 0.0277
4.4517, 0.0277
4.4546, 0.0277
4.4577, 0.0277
4.4607, 0.0277
4.4638, 0.0277
4.4668, 0.0277
4.4699, 0.0277
4.4729, 0.0277
4.4759, 0.0277
4.479, 0.0277
4.482, 0.0277
4.4849, 0.0277
4.488, 0.0277
4.491, 0.0277
4.4941, 0.0277
4.4971, 0.0277
4.5002, 0.0277
4.5032, 0.0277
4.5062, 0.0277
4.5093, 0.0271
4.5123, 0.0271
4.5152, 0.0271
4.5183, 0.0271
4.5213, 0.0271
4.5244, 0.0271
4.5274, 0.0271
4.5305, 0.0271
4.5335, 0.0271
4.5365, 0.0271
4.5396, 0.0271
4.5426, 0.0271
4.5455, 0.0271
4.5487, 0.0271
4.5516, 0.0271
4.5547, 0.0271
4.5577, 0.0271
4.5608, 0.0271
4.5638, 0.0271
4.5668, 0.0271
4.5699, 0.0266
4.5729, 0.0266
4.5758, 0.0266
4.579, 0.0266
4.5819, 0.0266
4.585, 0.0266
4.588, 0.0266
4.5911, 0.0266
4.5941, 0.0266
4.5971, 0.0266
4.6002, 0.0266
4.6032, 0.0266
4.6061, 0.0266
4.6093, 0.026
4.6122, 0.026
4.6153, 0.026
4.6183, 0.026
4.6214, 0.026
4.6244, 0.026
4.6274, 0.026
4.6305, 0.026
4.6335, 0.026
4.6364, 0.0255
4.6396, 0.0255
4.6425, 0.0255
4.6456, 0.0255
4.6486, 0.0255
4.6517, 0.0255
4.6547, 0.0255
4.6577, 0.0255
4.6608, 0.0255
4.6638, 0.0249
4.6667, 0.0249
4.6699, 0.0249
4.6729, 0.0249
4.6759, 0.0249
4.6789, 0.0249
4.682, 0.0249
4.685, 0.0244
4.688, 0.0244
4.6911, 0.0244
4.6941, 0.0244
4.6971, 0.0244
4.7002, 0.0244
4.7032, 0.0238
4.7062, 0.0238
4.7092, 0.0238
4.7123, 0.0238
4.7153, 0.0238
4.7183, 0.0233
4.7214, 0.0233
4.7244, 0.0233
4.7274, 0.0233
4.7304, 0.0227
4.7335, 0.0227
4.7365, 0.0227
4.7395, 0.0227
4.7426, 0.0227
4.7456, 0.0222
4.7486, 0.0222
4.7516, 0.0222
4.7547, 0.0222
4.7577, 0.0216
4.7607, 0.0216
4.7638, 0.0216
4.7668, 0.0216
4.7698, 0.0211
4.7728, 0.0211
4.7759, 0.0211
4.7789, 0.0211
4.7819, 0.0211
4.7849, 0.0205
4.788, 0.0205
4.791, 0.0205
4.794, 0.0205
4.7971, 0.0205
4.8001, 0.02
4.8031, 0.02
4.8062, 0.02
4.8092, 0.02
4.8122, 0.02
4.8152, 0.0194
4.8183, 0.0194
4.8213, 0.0194
4.8243, 0.0194
4.8274, 0.0189
4.8304, 0.0189
4.8334, 0.0189
4.8364, 0.0189
4.8395, 0.0189
4.8425, 0.0183
4.8455, 0.0183
4.8486, 0.0183
4.8516, 0.0183
4.8546, 0.0183
4.8576, 0.0178
4.8607, 0.0178
4.8637, 0.0178
4.8667, 0.0178
4.8698, 0.0178
4.8728, 0.0178
4.8758, 0.0172
4.8788, 0.0172
4.8819, 0.0172
4.8849, 0.0172
4.8879, 0.0172
4.891, 0.0172
4.894, 0.0167
4.897, 0.0167
4.9001, 0.0167
4.9031, 0.0167
4.9061, 0.0167
4.9091, 0.0167
4.9122, 0.0161
4.9152, 0.0161
4.9182, 0.0161
4.9213, 0.0161
4.9243, 0.0161
4.9273, 0.0161
4.9303, 0.0156
4.9334, 0.0156
4.9364, 0.0156
4.9394, 0.0156
4.9425, 0.0156
4.9455, 0.0156
4.9485, 0.015
4.9515, 0.015
4.9546, 0.015
4.9576, 0.015
4.9606, 0.015
4.9637, 0.015
4.9667, 0.0145
4.9697, 0.0145
4.9727, 0.0145
4.9758, 0.0145
4.9788, 0.0145
4.9818, 0.0145
4.9849, 0.0139
4.9879, 0.0139
4.9909, 0.0139
4.994, 0.0139
4.9969, 0.0139
5.0, 0.0139
5.0031, 0.0139
5.0061, 0.0134
5.0091, 0.0134
5.0121, 0.0134
5.0152, 0.0134
5.0182, 0.0134
5.0212, 0.0134
5.0243, 0.0134
5.0273, 0.0128
5.0303, 0.0128
5.0333, 0.0128
5.0364, 0.0128
5.0394, 0.0128
5.0424, 0.0128
5.0455, 0.0128
5.0485, 0.0128
5.0515, 0.0123
5.0546, 0.0123
5.0576, 0.0123
5.0606, 0.0123
5.0636, 0.0123
5.0667, 0.0123
5.0697, 0.0123
5.0727, 0.0123
5.0758, 0.0117
5.0788, 0.0117
5.0818, 0.0117
5.0849, 0.0117
5.0879, 0.0117
5.0909, 0.0117
5.0939, 0.0117
5.097, 0.0117
5.1, 0.0112
5.103, 0.0112
5.1061, 0.0112
5.1091, 0.0112
5.1121, 0.0112
5.1152, 0.0112
5.1182, 0.0112
5.1212, 0.0112
5.1242, 0.0112
5.1273, 0.0106
5.1303, 0.0106
5.1333, 0.0106
5.1364, 0.0106
5.1394, 0.0106
5.1424, 0.0106
5.1454, 0.0106
5.1485, 0.0106
5.1515, 0.0106
5.1545, 0.0101
5.1576, 0.0101
5.1606, 0.0101
5.1636, 0.0101
5.1667, 0.0101
5.1697, 0.0101
5.1727, 0.0101
5.1757, 0.0101
5.1788, 0.0101
5.1818, 9.5114e-3
5.1848, 9.5105e-3
5.1879, 9.5095e-3
5.1909, 9.5086e-3
5.1939, 9.5076e-3
5.197, 9.5066e-3
5.2, 9.5057e-3
5.203, 9.5047e-3
5.206, 9.5037e-3
5.2091, 8.9586e-3
5.2121, 8.9576e-3
5.2151, 8.9566e-3
5.2182, 8.9557e-3
5.2212, 8.9547e-3
5.2242, 8.9538e-3
5.2273, 8.9528e-3
5.2303, 8.9518e-3
5.2333, 8.9509e-3
5.2363, 8.4057e-3
5.2394, 8.4047e-3
5.2424, 8.4038e-3
5.2454, 8.4028e-3
5.2485, 8.4018e-3
5.2515, 8.4009e-3
5.2545, 8.3999e-3
5.2576, 8.399e-3
5.2606, 8.398e-3
5.2636, 8.397e-3
5.2666, 7.8519e-3
5.2697, 7.8509e-3
5.2727, 7.8499e-3
5.2757, 7.849e-3
5.2788, 7.848e-3
5.2818, 7.847e-3
5.2848, 7.8461e-3
5.2879, 7.8451e-3
5.2909, 7.8442e-3
5.2939, 7.8432e-3
5.2969, 7.8422e-3
5.3, 7.2971e-3
5.303, 7.2961e-3
5.306, 7.2951e-3
5.3091, 7.2942e-3
5.3121, 7.2932e-3
5.3151, 7.2923e-3
5.3182, 7.2913e-3
5.3212, 7.2903e-3
5.3242, 7.2894e-3
5.3272, 7.2884e-3
5.3303, 6.7432e-3
5.3333, 6.7423e-3
5.3363, 6.7413e-3
5.3394, 6.7403e-3
5.3424, 6.7394e-3
5.3454, 6.7384e-3
5.3485, 6.7375e-3
5.3515, 6.7365e-3
5.3545, 6.7355e-3
5.3575, 6.7346e-3
5.3606, 6.1894e-3
5.3636, 6.1884e-3
5.3666, 6.1875e-3
5.3697, 6.1865e-3
5.3727, 6.1855e-3
5.3757, 6.1846e-3
5.3788, 6.1836e-3
5.3818, 6.1827e-3
5.3848, 6.1817e-3
5.3878, 6.1807e-3
5.3909, 5.6356e-3
5.3939, 5.6346e-3
5.3969, 5.6336e-3
5.4, 5.6327e-3
5.403, 5.6317e-3
5.406, 5.6307e-3
5.4091, 5.6298e-3
5.4121, 5.6288e-3
5.4151, 5.6279e-3
5.4181, 5.6269e-3
5.4212, 5.0817e-3
5.4242, 5.0808e-3
5.4272, 5.0798e-3
5.4303, 5.0788e-3
5.4333, 5.0779e-3
5.4363, 5.0769e-3
5.4394, 5.0759e-3
5.4424, 5.075e-3
5.4454, 5.074e-3
5.4484, 5.0731e-3
5.4515, 4.5279e-3
5.4545, 4.5269e-3
5.4575, 4.526e-3
5.4606, 4.525e-3
5.4636, 4.524e-3
5.4666, 4.5231e-3
5.4697, 4.5221e-3
5.4727, 4.5211e-3
5.4757, 4.5202e-3
5.4787, 4.5192e-3
5.4818, 4.5183e-3
5.4848, 3.9731e-3
5.4878, 3.9721e-3
5.4909, 3.9712e-3
5.4939, 3.9702e-3
5.4969, 3.9692e-3
5.5, 3.9683e-3
5.503, 3.9673e-3
5.506, 3.9663e-3
5.509, 3.9654e-3
5.5121, 3.9644e-3
5.5151, 3.4192e-3
5.5181, 3.4183e-3
5.5211, 3.4173e-3
5.5242, 3.4164e-3
5.5272, 3.4154e-3
5.5303, 3.4144e-3
5.5333, 3.4135e-3
5.5363, 3.4125e-3
5.5393, 3.4115e-3
5.5424, 3.4106e-3
5.5453, 2.8654e-3
5.5484, 2.8644e-3
5.5514, 2.8635e-3
5.5545, 2.8625e-3
5.5575, 2.8616e-3
5.5606, 2.8606e-3
5.5636, 2.8596e-3
5.5666, 2.8587e-3
5.5695, 2.8577e-3
5.5727, 2.8567e-3
5.5756, 2.8558e-3
5.5787, 2.8548e-3
5.5817, 2.3096e-3
5.5848, 2.3087e-3
5.5878, 2.3077e-3
5.5909, 2.3068e-3
5.5939, 2.3058e-3
5.5969, 2.3048e-3
5.5998, 2.3039e-3
5.603, 2.3029e-3
5.6059, 2.3019e-3
5.609, 2.301e-3
5.612, 2.3e-3
5.6151, 1.7548e-3
5.6181, 1.7539e-3
5.6212, 1.7529e-3
5.6242, 1.752e-3
5.6272, 1.751e-3
5.6301, 1.75e-3
5.6333, 1.7491e-3
5.6362, 1.7481e-3
5.6393, 1.7471e-3
5.6423, 1.7462e-3
5.6454, 1.7452e-3
5.6484, 1.2e-3
5.6515, 1.1991e-3
5.6545, 1.1981e-3
5.6575, 1.1972e-3
5.6604, 1.1962e-3
5.6636, 1.1952e-3
5.6665, 1.1943e-3
5.6696, 1.1933e-3
5.6726, 1.1924e-3
5.6757, 1.1914e-3
5.6787, 1.1904e-3
5.6818, 6.4525e-4
5.6848, 6.4429e-4
5.6878, 6.4332e-4
5.6907, 6.4236e-4
5.6939, 6.414e-4
5.6968, 6.4044e-4
5.6999, 6.3948e-4
5.7029, 6.3851e-4
5.706, 6.3755e-4
5.709, 6.3659e-4
5.7121, 6.3563e-4
5.7151, 9.045e-5
5.7181, 8.9488e-5
5.721, 8.8526e-5
5.7242, 8.7564e-5
5.7271, 8.6601e-5
5.7302, 8.5639e-5
5.7332, 8.4677e-5
5.7363, 8.3715e-5
5.7393, 8.2752e-5
5.7424, 8.179e-5
5.7454, 8.0828e-5
5.7484, 7.9866e-5
5.7513, 0.00000
6.0000, 0.00000
